,time (s),surface tension (mN/m)
0,0.0,44.27085400966124
1,0.20828,44.27085400966124
2,0.393359,44.694055580367746
3,0.585013,44.48176568651454
4,0.78038,45.9567396973743
5,0.96793,43.82027603713841
6,1.196216,43.82027603713841
7,1.433136,44.17437783849211
8,1.694662,44.694055580367746
9,1.919413,44.27085400966124
10,2.121159,44.694055580367746
11,2.401096,44.694055580367746
12,2.656409,45.3706733847151
13,2.867161,44.907735445972
14,3.071211,44.48176568651454
15,3.284963,44.48176568651454
16,3.538052,45.15441798703186
17,3.769304,44.17437783849211
18,4.022079,44.48176568651454
19,4.222831,44.841212837044544
20,4.413298,45.73730359855816
21,4.65206,44.694055580367746
22,4.853684,43.82027603713841
23,5.053203,43.96564507038273
24,5.260921,43.31364758383656
25,5.454386,44.48176568651454
26,5.750948,45.05521819781445
27,5.997373,45.05521819781445
28,6.251533,43.82027603713841
29,6.459471,44.628596830336335
30,6.652738,45.15441798703186
31,6.923673,44.17437783849211
32,7.126963,43.82027603713841
33,7.334203,43.82027603713841
34,7.536761,44.628596830336335
35,7.738636,45.05521819781445
36,8.002363,45.15441798703186
37,8.225661,43.82027603713841
38,8.415598,44.841212837044544
39,8.607708,44.48176568651454
40,8.801219,44.48176568651454
41,9.002314,44.17437783849211
42,9.239922,45.15441798703186
43,9.524628,43.82027603713841
44,9.800665,43.82027603713841
45,10.034697,45.58835048381977
46,10.315976,44.694055580367746
47,10.558983,44.841212837044544
48,10.813988,45.519300689613075
49,11.015565,44.907735445972
50,11.216205,44.694055580367746
51,11.457713,44.694055580367746
52,11.679609,44.694055580367746
53,11.901258,45.05521819781445
54,12.119308,43.82027603713841
55,12.317714,44.48176568651454
56,12.556177,44.02868316686181
57,12.743633,44.02868316686181
58,12.931907,45.519300689613075
59,13.118973,44.17437783849211
60,13.343618,44.694055580367746
61,13.63731,45.05521819781445
62,13.887073,43.82027603713841
63,14.117739,44.694055580367746
64,14.345656,44.694055580367746
65,14.55943,43.82027603713841
66,14.817885,45.27062476238471
67,15.061524,44.907735445972
68,15.265123,45.519300689613075
69,15.493921,43.82027603713841
70,15.715044,44.17437783849211
71,15.964026,44.38446905938799
72,16.162752,44.17437783849211
73,16.350525,44.694055580367746
74,16.541717,44.17437783849211
75,16.730999,45.05521819781445
76,16.918031,44.17437783849211
77,17.132533,43.82027603713841
78,17.362031,45.9567396973743
79,17.606871,44.694055580367746
80,17.854218,44.48176568651454
81,18.095771,44.907735445972
82,18.370351,45.05521819781445
83,18.586698,45.05521819781445
84,18.781101,43.82027603713841
85,19.00062,45.27062476238471
86,19.20216,42.96644539598207
87,19.468174,45.05521819781445
88,19.680315,44.17437783849211
89,19.887048,44.17437783849211
90,20.074595,43.82027603713841
91,20.399857,44.694055580367746
92,20.693548,43.1697329224898
93,20.903886,43.82027603713841
94,21.178492,43.5185778311539
95,21.407026,45.27062476238471
96,21.677482,44.841212837044544
97,21.955391,44.17437783849211
98,22.186625,45.05521819781445
99,22.391792,45.27062476238471
100,22.623083,43.82027603713841
101,22.853049,45.05521819781445
102,23.100502,43.82027603713841
103,23.332832,45.73730359855816
104,23.546178,45.9567396973743
105,23.742261,46.177621272825064
106,23.929619,43.72483638226514
107,24.166079,45.05521819781445
108,24.35587,43.72483638226514
109,24.549751,44.38446905938799
110,24.823279,43.374338105108556
111,25.122618,43.374338105108556
112,25.406143,44.5959302800083
113,25.64675,44.38446905938799
114,25.895291,43.1697329224898
115,26.10129,43.82027603713841
116,26.31119,43.1697329224898
117,26.61298,45.73730359855816
118,26.814611,45.9567396973743
119,27.024065,44.907735445972
120,27.239774,44.5959302800083
121,27.443442,44.907735445972
122,27.67326,43.374338105108556
123,27.878992,43.374338105108556
124,28.070494,44.23844931439219
125,28.260507,45.27062476238471
126,28.447559,42.52992498605602
127,28.673159,45.58835048381977
128,28.942132,45.487444502292945
129,29.177712,43.5185778311539
130,29.415797,45.58835048381977
131,29.656876,45.27062476238471
132,29.884533,44.23844931439219
133,30.124152,45.70568951235289
134,30.348752,46.177621272825064
135,30.558036,46.177621272825064
136,30.771091,46.177621272825064
137,31.011374,45.9567396973743
138,31.270203,44.14138352121372
139,31.456111,43.72483638226514
140,31.644074,45.27062476238471
141,31.82644,43.374338105108556
142,32.01905,44.44958605141356
143,32.206042,45.122817158901086
144,32.479121,45.9567396973743
145,32.746744,44.5959302800083
146,33.001845,45.27062476238471
147,33.230907,42.87359975059277
148,33.457506,44.907735445972
149,33.737675,44.5959302800083
150,33.987088,44.907735445972
151,34.208076,43.1697329224898
152,34.412307,42.52992498605602
153,34.614361,45.58835048381977
154,34.903831,44.23844931439219
155,35.122161,44.907735445972
156,35.312269,44.14138352121372
157,35.500818,44.14138352121372
158,35.691781,45.9567396973743
159,35.880819,43.1697329224898
160,36.107614,45.70568951235289
161,36.290567,42.87359975059277
162,36.516839,43.07610521440708
163,36.789708,44.662105068333894
164,37.027407,43.279920531540604
165,37.307792,45.023009500874245
166,37.554359,43.279920531540604
167,37.762885,43.93243448980084
168,37.966143,43.48505678004703
169,38.202849,45.70568951235289
170,38.447467,45.9567396973743
171,38.677373,43.58027210626782
172,38.872546,45.33931271701671
173,39.100791,42.73080716612465
174,39.298997,42.73080716612465
175,39.523682,45.70568951235289
176,39.721747,42.87359975059277
177,39.916929,46.177621272825064
178,40.100784,43.58027210626782
179,40.316551,43.691525150816055
180,40.575034,45.122817158901086
181,40.826172,43.78754620229882
182,41.0814,43.279920531540604
183,41.3921,43.07610521440708
184,41.66493,45.33931271701671
185,41.889213,44.662105068333894
186,42.088235,45.33931271701671
187,42.286526,42.638176321775276
188,42.502901,44.662105068333894
189,42.766257,45.33931271701671
190,42.966959,43.136480576119965
191,43.163916,43.58027210626782
192,43.358161,43.72483638226514
193,43.547028,45.70568951235289
194,43.746025,45.55723424195435
195,43.983432,42.296388711383166
196,44.228428,45.45571026754083
197,44.460738,42.296388711383166
198,44.691715,46.95465005233161
199,44.939909,42.296388711383166
200,45.219908,46.028018665354004
201,45.431809,46.250034503773186
202,45.638716,46.47352155868702
203,45.856525,42.638176321775276
204,46.046545,45.33931271701671
205,46.300673,46.39996073866112
206,46.526858,42.49617692589095
207,46.742078,42.638176321775276
208,46.933121,46.028018665354004
209,47.130495,46.028018665354004
210,47.362318,42.49617692589095
211,47.556158,45.92537201215223
212,47.743414,42.49617692589095
213,47.946646,43.136480576119965
214,48.166392,43.691525150816055
215,48.447683,44.351694960161076
216,48.698434,46.250034503773186
217,48.940332,41.90064551171063
218,49.185075,43.547439875275565
219,49.410987,44.1085035950361
220,49.659958,41.90064551171063
221,49.878186,42.296388711383166
222,50.078576,42.296388711383166
223,50.287712,43.136480576119965
224,50.505599,43.691525150816055
225,50.742856,42.09788181005376
226,50.94045,46.47352155868702
227,51.13213,43.78754620229882
228,51.339896,43.547439875275565
229,51.556237,45.776593980630004
230,51.792585,42.09788181005376
231,52.040539,46.028018665354004
232,52.281859,44.87601817572232
233,52.542994,46.028018665354004
234,52.839635,43.042284211597305
235,53.0498,42.0638524989875
236,53.30332,41.67026637733451
237,53.548888,44.630273125656736
238,53.759476,44.417523560392375
239,54.012639,42.006994433876095
240,54.243987,42.296388711383166
241,54.467075,45.92537201215223
242,54.656171,42.09788181005376
243,54.841292,46.250034503773186
244,55.069494,41.67026637733451
245,55.264975,45.99740430676799
246,55.459065,46.21967772245022
247,55.637485,43.042284211597305
248,55.860349,44.630273125656736
249,56.126342,47.411574473939595
250,56.384642,44.84442092464554
251,56.635733,41.67026637733451
252,56.883773,42.83957897993893
253,57.078111,45.55723424195435
254,57.324141,46.14650434757155
255,57.537346,45.776593980630004
256,57.740158,45.776593980630004
257,57.950824,45.776593980630004
258,58.16936,46.250034503773186
259,58.440549,45.776593980630004
260,58.644622,45.091337305766544
261,58.833988,43.99617178480585
262,59.02001,42.69725727246466
263,59.207596,45.55723424195435
264,59.393778,42.69725727246466
265,59.660873,45.45571026754083
266,59.936322,46.14650434757155
267,60.188723,46.21967772245022
268,60.456111,46.14650434757155
269,60.748704,42.83957897993893
270,60.947288,43.89933694892948
271,61.151986,43.34129389648219
272,61.377635,43.547439875275565
273,61.582209,43.99617178480585
274,61.873879,42.49617692589095
275,62.098005,42.296388711383166
276,62.31956,45.30807451375061
277,62.521153,45.091337305766544
278,62.707734,42.09788181005376
279,62.939894,45.776593980630004
280,63.135545,42.006994433876095
281,63.321754,45.55723424195435
282,63.536026,45.776593980630004
283,63.775785,45.33931271701671
284,64.071084,42.296388711383166
285,64.319237,43.136480576119965
286,64.569591,44.87601817572232
287,64.785389,45.091337305766544
288,64.998898,44.630273125656736
289,65.2931,44.77645158474062
290,65.501235,45.091337305766544
291,65.725039,44.417523560392375
292,65.938921,43.34129389648219
293,66.155532,43.34129389648219
294,66.390546,45.091337305766544
295,66.580664,43.547439875275565
296,66.774995,42.69725727246466
297,66.968063,42.69725727246466
298,67.162722,45.776593980630004
299,67.369758,45.776593980630004
300,67.661189,44.99092033142304
301,67.909479,42.83957897993893
302,68.142026,44.563380407906386
303,68.373114,44.351694960161076
304,68.585487,42.89964067998891
305,68.861299,42.0638524989875
306,69.107323,42.89964067998891
307,69.334888,44.84442092464554
308,69.544035,44.417523560392375
309,69.780661,45.30807451375061
310,70.061128,44.630273125656736
311,70.256763,42.26255150767947
312,70.459991,42.69725727246466
313,70.654335,45.091337305766544
314,70.852363,45.091337305766544
315,71.038527,43.691525150816055
316,71.255813,43.89933694892948
317,71.469815,43.89933694892948
318,71.715136,41.86642767263507
319,71.985076,42.89964067998891
320,72.331101,44.99092033142304
321,72.59247,42.26255150767947
322,72.801613,42.6040656872339
323,73.016252,42.26255150767947
324,73.221361,42.89964067998891
325,73.464719,44.20616036205666
326,73.683927,44.417523560392375
327,73.895964,44.1085035950361
328,74.093837,43.75492984160097
329,74.300077,43.547439875275565
330,74.531144,42.89964067998891
331,74.724035,44.1085035950361
332,74.911804,44.77645158474062
333,75.137183,43.042284211597305
334,75.399399,44.1085035950361
335,75.687289,43.89933694892948
336,75.9318,43.34129389648219
337,76.182735,43.042284211597305
338,76.392141,42.6040656872339
339,76.619108,45.92537201215223
340,76.895597,44.630273125656736
341,77.145627,45.99740430676799
342,77.354759,46.14650434757155
343,77.579765,42.4625354580963
344,77.813509,43.96377524058267
345,78.056774,42.0638524989875
346,78.25773,44.417523560392375
347,78.457043,43.547439875275565
348,78.649157,44.99092033142304
349,78.845134,43.042284211597305
350,79.047072,42.0638524989875
351,79.269216,45.45571026754083
352,79.493261,44.630273125656736
353,79.756252,45.30807451375061
354,80.006337,45.894129308244686
355,80.246116,43.45164657640825
356,80.546885,43.45164657640825
357,80.772641,43.75492984160097
358,80.989449,44.1085035950361
359,81.20737,43.75492984160097
360,81.429644,43.34129389648219
361,81.692935,43.042284211597305
362,81.924449,45.45571026754083
363,82.142952,45.45571026754083
364,82.435257,42.403761036513444
365,82.633662,42.0638524989875
366,82.868367,45.091337305766544
367,83.071231,45.30807451375061
368,83.263383,42.0638524989875
369,83.468708,44.630273125656736
370,83.701845,44.417523560392375
371,83.997434,42.403761036513444
372,84.24633,43.042284211597305
373,84.495672,44.77645158474062
374,84.723369,43.45164657640825
375,84.93061,43.45164657640825
376,85.189161,42.0638524989875
377,85.416657,44.630273125656736
378,85.624827,44.563380407906386
379,85.839259,45.091337305766544
380,86.063044,43.10333818866492
381,86.303243,44.1085035950361
382,86.500272,44.1085035950361
383,86.688331,42.805665663004476
384,86.875438,43.75492984160097
385,87.065252,44.1085035950361
386,87.255278,42.4625354580963
387,87.517728,42.0638524989875
388,87.761345,45.45571026754083
389,88.003472,43.65832608195489
390,88.242718,44.77645158474062
391,88.483505,44.417523560392375
392,88.747667,43.75492984160097
393,88.958951,43.547439875275565
394,89.155799,43.547439875275565
395,89.356899,44.630273125656736
396,89.586921,42.89964067998891
397,89.8386,43.96377524058267
398,90.071388,42.805665663004476
399,90.276271,42.89964067998891
400,90.468444,43.30836095134843
401,90.656322,44.20616036205666
402,90.881781,43.10333818866492
403,91.074113,44.417523560392375
404,91.258194,42.26255150767947
405,91.478823,42.0638524989875
406,91.730846,42.4625354580963
407,92.03531,43.45164657640825
408,92.282995,45.6741988801875
409,92.512669,42.805665663004476
410,92.781929,43.10333818866492
411,93.01566,44.20616036205666
412,93.252592,43.10333818866492
413,93.482723,43.547439875275565
414,93.686257,44.417523560392375
415,93.912768,42.26255150767947
416,94.10571,44.84442092464554
417,94.367795,43.10333818866492
418,94.561446,44.53094770004221
419,94.751557,42.4625354580963
420,94.930422,44.77645158474062
421,95.161127,42.26255150767947
422,95.470466,42.4625354580963
423,95.717767,43.75492984160097
424,95.961313,44.1085035950361
425,96.197528,43.30836095134843
426,96.415838,42.6040656872339
427,96.673112,42.4625354580963
428,96.925014,43.96377524058267
429,97.125197,43.96377524058267
430,97.326867,43.30836095134843
431,97.535118,43.75492984160097
432,97.78782,43.75492984160097
433,97.985629,43.96377524058267
434,98.177584,42.89964067998891
435,98.364923,43.96377524058267
436,98.551354,43.86635290850033
437,98.73989,42.86640176991856
438,98.981709,44.17398763477037
439,99.216346,44.84442092464554
440,99.467781,43.10333818866492
441,99.715542,44.630273125656736
442,99.938736,42.6040656872339
443,100.188807,43.30836095134843
444,100.407461,43.10333818866492
445,100.61805,42.4625354580963
446,100.886664,42.4625354580963
447,101.079512,43.96377524058267
448,101.347132,42.805665663004476
449,101.559528,42.805665663004476
450,101.760575,42.4625354580963
451,101.9481,44.1085035950361
452,102.135902,43.30836095134843
453,102.329539,43.10333818866492
454,102.555057,44.17398763477037
455,102.751377,42.6040656872339
456,103.064169,41.97241661757061
457,103.330491,42.805665663004476
458,103.607956,44.17398763477037
459,103.840741,43.51472023490597
460,104.082883,43.96377524058267
461,104.309925,42.4625354580963
462,104.518573,42.89964067998891
463,104.799498,43.51472023490597
464,105.051899,42.805665663004476
465,105.291426,42.170350722779254
466,105.511905,42.805665663004476
467,105.71312,42.4625354580963
468,105.958266,44.17398763477037
469,106.153703,43.51472023490597
470,106.34124,42.89964067998891
471,106.546969,42.4625354580963
472,106.737457,43.75492984160097
473,106.930292,43.00857192043075
474,107.19261,43.96377524058267
475,107.444678,44.075738530274634
476,107.683843,44.075738530274634
477,107.929309,44.74424859071726
478,108.171019,43.51472023490597
479,108.428423,42.6638152190154
480,108.64395,42.805665663004476
481,108.852414,43.65832608195489
482,109.071245,43.65832608195489
483,109.291928,43.96377524058267
484,109.586673,44.17398763477037
485,109.784575,43.51472023490597
486,109.972676,42.4625354580963
487,110.162346,44.17398763477037
488,110.350583,42.170350722779254
489,110.55075,42.170350722779254
490,110.807839,42.86640176991856
491,111.078209,43.10333818866492
492,111.326096,43.51472023490597
493,111.557773,43.30836095134843
494,111.787242,42.6638152190154
495,112.062328,41.832313202267954
496,112.270477,42.02992775001533
497,112.486113,42.4625354580963
498,112.688362,42.805665663004476
499,112.896611,42.4625354580963
500,113.173245,42.86640176991856
501,113.424291,43.30836095134843
502,113.614206,43.21279552771722
503,113.811095,43.00857192043075
504,114.003035,44.84442092464554
505,114.235736,42.6638152190154
506,114.425864,44.74424859071726
507,114.637238,44.84442092464554
508,114.877929,43.070306202322506
509,115.127373,44.17398763477037
510,115.390286,43.00857192043075
511,115.632097,44.17398763477037
512,115.843827,43.30836095134843
513,116.050067,43.00857192043075
514,116.254869,43.51472023490597
515,116.541458,44.17398763477037
516,116.777649,42.86640176991856
517,116.992111,42.4625354580963
518,117.220187,42.86640176991856
519,117.409711,43.21279552771722
520,117.63518,43.86635290850033
521,117.82775,42.4625354580963
522,118.014456,44.1085035950361
523,118.203148,42.86640176991856
524,118.403326,43.65832608195489
525,118.62622,42.6638152190154
526,118.972436,42.02992775001533
527,119.245862,42.4625354580963
528,119.497495,42.6638152190154
529,119.7408,43.21279552771722
530,120.011976,43.86635290850033
531,120.226529,43.30836095134843
532,120.416371,43.00857192043075
533,120.638964,43.65832608195489
534,120.829119,43.21279552771722
535,121.08367,43.72242742159017
536,121.286831,44.38557870556081
537,121.479257,43.21279552771722
538,121.672239,43.21279552771722
539,121.870725,43.51472023490597
540,122.059647,43.30836095134843
541,122.288623,43.72242742159017
542,122.521318,42.4625354580963
543,122.759842,42.86640176991856
544,123.000987,42.6638152190154
545,123.229995,42.570061683648014
546,123.595658,42.86640176991856
547,123.813843,42.86640176991856
548,124.07216,42.02992775001533
549,124.272896,42.22882008017754
550,124.472824,43.51472023490597
551,124.732817,43.21279552771722
552,124.944401,43.00857192043075
553,125.134035,43.86635290850033
554,125.321968,43.86635290850033
555,125.511413,42.42900100168423
556,125.71083,42.86640176991856
557,125.948604,42.86640176991856
558,126.201394,42.369562149269974
559,126.437275,43.51472023490597
560,126.681909,42.02992775001533
561,126.928074,43.21279552771722
562,127.214827,42.86640176991856
563,127.447055,43.30836095134843
564,127.664023,43.51472023490597
565,127.933014,44.53094770004221
566,128.160505,42.22882008017754
567,128.407477,44.17398763477037
568,128.639199,41.40649287677642
569,128.845109,42.570061683648014
570,129.041956,43.51472023490597
571,129.244503,43.21279552771722
572,129.492428,43.21279552771722
573,129.687533,43.51472023490597
574,129.87851,42.22882008017754
575,130.077166,43.21279552771722
576,130.268255,44.38557870556081
577,130.481703,42.22882008017754
578,130.777357,42.02992775001533
579,131.019908,42.86640176991856
580,131.254832,42.22882008017754
581,131.501019,42.86640176991856
582,131.732383,42.42900100168423
583,131.984268,44.17398763477037
584,132.231447,43.72242742159017
585,132.4281,42.42900100168423
586,132.654254,43.275539721127736
587,132.876825,44.74424859071726
588,133.114791,42.02992775001533
589,133.322798,42.22882008017754
590,133.52137,42.86640176991856
591,133.725117,42.86640176991856
592,133.960155,42.86640176991856
593,134.241229,42.4625354580963
594,134.484578,43.72242742159017
595,134.717185,42.02992775001533
596,134.949168,43.72242742159017
597,135.184592,43.21279552771722
598,135.436107,42.22882008017754
599,135.653066,42.86640176991856
600,135.878168,43.41834766600866
601,136.116957,42.42900100168423
602,136.324997,42.02992775001533
603,136.589134,43.275539721127736
604,136.802632,42.42900100168423
605,136.995488,43.070306202322506
606,137.181603,43.72242742159017
607,137.371757,42.86640176991856
608,137.560054,43.51472023490597
609,137.790227,42.86640176991856
610,137.977537,42.86640176991856
611,138.201795,43.21279552771722
612,138.433762,43.070306202322506
613,138.666136,42.22882008017754
614,138.956486,43.931494010433994
615,139.203736,43.931494010433994
616,139.434038,43.070306202322506
617,139.643554,43.931494010433994
618,139.897756,43.86635290850033
619,140.143903,42.771860222187556
620,140.374288,43.65832608195489
621,140.586655,43.00857192043075
622,140.80984,44.075738530274634
623,140.997443,42.369562149269974
624,141.228223,44.286494539231875
625,141.425271,41.937942214687354
626,141.612642,44.95895119582265
627,141.797615,42.771860222187556
628,142.030637,44.74424859071726
629,142.3201,42.22882008017754
630,142.560872,42.86640176991856
631,142.801491,42.86640176991856
632,143.045963,44.286494539231875
633,143.25737,43.931494010433994
634,143.500566,42.570061683648014
635,143.764339,42.42900100168423
636,144.057352,44.075738530274634
637,144.292736,42.86640176991856
638,144.566917,43.21279552771722
639,144.75922,43.070306202322506
640,144.949945,42.02992775001533
641,145.139621,43.72242742159017
642,145.330271,42.771860222187556
643,145.527696,43.41834766600866
644,145.770941,44.95895119582265
645,146.033296,43.931494010433994
646,146.263863,41.60176768071696
647,146.504959,44.075738530274634
648,146.75665,42.86640176991856
649,147.083984,43.070306202322506
650,147.301053,42.570061683648014
651,147.564303,43.41834766600866
652,147.768062,42.570061683648014
653,147.9952,44.95895119582265
654,148.246528,43.62523963074987
655,148.478881,44.59856025463908
656,148.667884,42.22882008017754
657,148.857079,43.275539721127736
658,149.046806,43.21279552771722
659,149.235422,43.070306202322506
660,149.477349,43.41834766600866
661,149.652197,44.075738530274634
662,149.87553,43.070306202322506
663,150.137551,44.59856025463908
664,150.375521,42.42900100168423
665,150.670599,43.931494010433994
666,150.902463,42.570061683648014
667,151.133852,43.51472023490597
668,151.338872,43.070306202322506
669,151.551719,42.42900100168423
670,151.774281,43.72242742159017
671,151.988554,43.62523963074987
672,152.204355,44.286494539231875
673,152.443834,41.937942214687354
674,152.635176,44.4986326464754
675,152.872187,42.13606518519676
676,153.069106,42.771860222187556
677,153.257072,43.72242742159017
678,153.445571,42.570061683648014
679,153.662367,42.630481433559794
680,153.976382,43.275539721127736
681,154.225252,44.286494539231875
682,154.600411,44.1419316186646
683,154.834626,42.42900100168423
684,155.098636,41.937942214687354
685,155.314425,41.937942214687354
686,155.559375,43.62523963074987
687,155.753767,42.42900100168423
688,155.993873,42.771860222187556
689,156.267844,42.570061683648014
690,156.462177,43.62523963074987
691,156.661332,44.1419316186646
692,156.856754,42.22882008017754
693,157.055126,42.3354690776147
694,157.252247,44.59856025463908
695,157.490217,43.275539721127736
696,157.684788,43.275539721127736
697,157.917342,41.60176768071696
698,158.157959,43.51472023490597
699,158.418877,44.075738530274634
700,158.701953,42.42900100168423
701,158.949032,42.42900100168423
702,159.155474,42.42900100168423
703,159.364802,42.13606518519676
704,159.610575,41.79830249754589
705,159.860446,44.35375198313671
706,160.086826,41.937942214687354
707,160.285466,44.38557870556081
708,160.494121,44.4986326464754
709,160.68102,42.42900100168423
710,160.907923,43.62523963074987
711,161.106,42.630481433559794
712,161.297906,42.630481433559794
713,161.489751,42.630481433559794
714,161.705317,42.3354690776147
715,161.983129,43.275539721127736
716,162.220348,41.51075618373541
717,162.468049,42.833272406246685
718,162.698771,42.13606518519676
719,162.934662,43.931494010433994
720,163.197194,43.41834766600866
721,163.411109,42.974968772147186
722,163.608702,42.771860222187556
723,163.827876,42.3354690776147
724,164.041933,42.13606518519676
725,164.29899,42.833272406246685
726,164.499538,42.833272406246685
727,164.743325,43.931494010433994
728,164.934841,41.937942214687354
729,165.127277,43.275539721127736
730,165.355946,42.13606518519676
731,165.586368,42.42900100168423
732,165.831924,42.974968772147186
733,166.069756,42.42900100168423
734,166.30302,43.72242742159017
735,166.597434,41.372212799915594
736,166.856751,41.70653235249035
737,167.065266,41.99610796841366
738,167.316852,43.275539721127736
739,167.522218,43.275539721127736
740,167.772992,43.275539721127736
741,168.00976,43.62523963074987
742,168.231687,41.99610796841366
743,168.425828,43.931494010433994
744,168.624203,44.4986326464754
745,168.859823,43.48211364598624
746,169.049876,43.17939845310387
747,169.250812,42.974968772147186
748,169.464457,42.771860222187556
749,169.70742,43.62523963074987
750,170.012303,43.070306202322506
751,170.26873,42.13606518519676
752,170.511041,42.833272406246685
753,170.738748,42.13606518519676
754,170.949053,41.51075618373541
755,171.218605,42.3354690776147
756,171.453943,44.4986326464754
757,171.676412,42.833272406246685
758,171.898309,42.974968772147186
759,172.096323,43.48211364598624
760,172.332267,42.42900100168423
761,172.533643,44.04308880115226
762,172.727953,42.833272406246685
763,172.928515,43.38516049830519
764,173.121027,43.592266256040475
765,173.313812,44.04308880115226
766,173.563572,41.79830249754589
767,173.772235,42.3354690776147
768,174.038867,41.99610796841366
769,174.289674,43.62523963074987
770,174.518039,41.79830249754589
771,174.820346,43.275539721127736
772,175.109262,41.372212799915594
773,175.325771,42.3354690776147
774,175.615885,44.1419316186646
775,175.879576,43.690039412688016
776,176.095504,43.48211364598624
777,176.310742,42.19519484266067
778,176.502636,43.275539721127736
779,176.692136,42.630481433559794
780,176.925623,42.630481433559794
781,177.112998,42.630481433559794
782,177.29996,42.974968772147186
783,177.523722,43.62523963074987
784,177.776855,43.931494010433994
785,178.071581,41.99610796841366
786,178.300503,42.833272406246685
787,178.535952,43.48211364598624
788,178.747161,43.83348283306438
789,178.974888,42.833272406246685
790,179.260527,42.630481433559794
791,179.466642,41.99610796841366
792,179.674551,43.03738506294677
793,179.897142,41.70653235249035
794,180.156692,42.73816308336235
795,180.379939,44.1419316186646
796,180.579108,41.372212799915594
797,180.766531,43.48211364598624
798,180.955995,42.630481433559794
799,181.154619,41.99610796841366
800,181.347187,43.275539721127736
801,181.616129,43.62523963074987
802,181.881825,42.974968772147186
803,182.152916,44.04308880115226
804,182.454272,43.17939845310387
805,182.720141,44.1419316186646
806,182.93624,43.690039412688016
807,183.166811,43.17939845310387
808,183.394606,41.90357162033094
809,183.592591,43.17939845310387
810,183.871584,42.53616472814456
811,184.104653,42.974968772147186
812,184.294739,43.17939845310387
813,184.487269,43.38516049830519
814,184.685018,42.833272406246685
815,184.914953,43.931494010433994
816,185.114322,42.19519484266067
817,185.361539,42.630481433559794
818,185.60633,43.690039412688016
819,185.86076,42.53616472814456
820,186.161477,43.48211364598624
821,186.444385,42.10188465518753
822,186.654165,41.17800597287887
823,186.870198,41.99610796841366
824,187.117999,42.53616472814456
825,187.368917,42.833272406246685
826,187.581766,42.73816308336235
827,187.783148,42.53616472814456
828,187.976734,43.38516049830519
829,188.206729,41.90357162033094
830,188.462703,42.3354690776147
831,188.665091,43.690039412688016
832,188.862825,44.1419316186646
833,189.057714,41.90357162033094
834,189.242559,43.03738506294677
835,189.524073,43.03738506294677
836,189.783354,42.833272406246685
837,190.01628,41.56767260103602
838,190.246035,43.24283066098149
839,190.482578,43.24283066098149
840,190.734913,43.899328574567235
841,190.952699,42.19519484266067
842,191.209663,43.690039412688016
843,191.40234,41.90357162033094
844,191.631473,43.24283066098149
845,191.89948,43.17939845310387
846,192.128741,43.38516049830519
847,192.320036,42.73816308336235
848,192.514721,42.10188465518753
849,192.704878,43.03738506294677
850,192.898126,42.94147520154326
851,193.116065,43.690039412688016
852,193.318132,41.76439595865638
853,193.548128,43.48211364598624
854,193.772559,43.690039412688016
855,194.010648,42.630481433559794
856,194.284186,43.03738506294677
857,194.530313,42.833272406246685
858,194.741666,42.73816308336235
859,194.966486,42.833272406246685
860,195.223042,41.90357162033094
861,195.453501,43.24283066098149
862,195.714619,43.899328574567235
863,195.927958,44.04308880115226
864,196.119222,41.372212799915594
865,196.316221,42.19519484266067
866,196.547995,42.19519484266067
867,196.742984,42.833272406246685
868,196.942396,42.833272406246685
869,197.165487,43.03738506294677
870,197.42746,44.04308880115226
871,197.724642,41.143645431529315
872,197.971425,43.24283066098149
873,198.204673,41.76439595865638
874,198.42973,43.03738506294677
875,198.635048,43.03738506294677
876,198.925313,43.38516049830519
877,199.13703,42.39557397911516
878,199.353824,42.39557397911516
879,199.579113,41.76439595865638
880,199.787565,41.76439595865638
881,200.013891,42.39557397911516
882,200.209593,42.39557397911516
883,200.396894,43.899328574567235
884,200.585974,41.56767260103602
885,200.773229,44.04308880115226
886,200.960328,41.76439595865638
887,201.227825,41.96239356278559
888,201.498247,43.24283066098149
889,201.728341,41.76439595865638
890,201.979987,41.56767260103602
891,202.212109,43.24283066098149
892,202.461724,41.96239356278559
893,202.673037,41.76439595865638
894,202.920427,41.96239356278559
895,203.127546,42.39557397911516
896,203.343249,42.19519484266067
897,203.5955,42.5972563474092
898,203.794083,42.39557397911516
899,203.987216,42.73816308336235
900,204.175408,43.24283066098149
901,204.363851,42.73816308336235
902,204.553149,43.592266256040475
903,204.764283,42.5972563474092
904,204.999058,43.146112254006404
905,205.237023,43.03738506294677
906,205.469945,43.03738506294677
907,205.709042,42.39557397911516
908,206.075768,41.533680892899476
909,206.290412,42.3014822334526
910,206.509353,42.36225481633285
911,206.785198,42.80025302931261
912,206.995131,43.146112254006404
913,207.259609,43.38516049830519
914,207.489551,42.5972563474092
915,207.683646,42.39557397911516
916,207.88587,42.73816308336235
917,208.073494,43.44962057317095
918,208.252762,42.94147520154326
919,208.475588,42.10188465518753
920,208.666982,43.800727191031015
921,208.893284,41.143645431529315
922,209.144146,42.16167621231619
923,209.396502,43.24283066098149
924,209.692552,42.39557397911516
925,209.949813,41.76439595865638
926,210.164518,42.3014822334526
927,210.364183,43.592266256040475
928,210.62947,43.44962057317095
929,210.876152,43.24283066098149
930,211.090638,42.36225481633285
931,211.312708,43.800727191031015
932,211.504759,42.10188465518753
933,211.69548,42.5972563474092
934,211.916329,41.96239356278559
935,212.113986,43.146112254006404
936,212.302356,42.10188465518753
937,212.491298,43.24283066098149
938,212.702164,43.24283066098149
939,212.972623,44.01055488583951
940,213.225188,42.80025302931261
941,213.46836,41.76439595865638
942,213.716242,42.16167621231619
943,213.934309,42.80025302931261
944,214.203858,42.73816308336235
945,214.448286,42.3014822334526
946,214.676962,43.146112254006404
947,214.870904,42.80025302931261
948,215.09947,43.800727191031015
949,215.371923,42.94147520154326
950,215.577152,43.146112254006404
951,215.767731,42.36225481633285
952,215.955493,41.96239356278559
953,216.147897,42.80025302931261
954,216.411805,42.5972563474092
955,216.679286,42.80025302931261
956,216.93133,41.67207828615161
957,217.182473,43.800727191031015
958,217.484432,43.21023422985052
959,217.745154,43.44962057317095
960,217.951285,43.004575220085655
961,218.173615,43.146112254006404
962,218.417031,41.33803491736373
963,218.653817,43.146112254006404
964,218.878529,43.657766289232
965,219.101831,41.533680892899476
966,219.321486,42.36225481633285
967,219.518028,42.16167621231619
968,219.755707,42.3014822334526
969,219.944292,42.16167621231619
970,220.132107,42.36225481633285
971,220.320185,42.502375241282124
972,220.54303,42.16167621231619
973,220.847027,43.44962057317095
974,221.148161,41.96239356278559
975,221.402902,41.96239356278559
976,221.641888,43.44962057317095
977,221.919442,41.533680892899476
978,222.16385,43.24283066098149
979,222.412653,41.96239356278559
980,222.610499,42.16167621231619
981,222.838822,42.5972563474092
982,223.091747,41.96239356278559
983,223.286043,43.24283066098149
984,223.48717,43.44962057317095
985,223.678815,41.67207828615161
986,223.873133,43.657766289232
987,224.062634,41.67207828615161
988,224.301516,42.16167621231619
989,224.57368,41.533680892899476
990,224.807612,42.36225481633285
991,225.054208,41.86930523284112
992,225.284842,41.73059398907105
993,225.538868,42.16167621231619
994,225.766939,41.92878494509484
995,225.974232,41.86930523284112
996,226.219781,43.657766289232
997,226.440467,41.92878494509484
998,226.730832,42.56414039543915
999,226.952431,43.004575220085655
1000,227.145288,42.16167621231619
1001,227.33733,43.35208552647843
1002,227.537241,43.44962057317095
1003,227.727286,42.16167621231619
1004,227.948971,43.44962057317095
1005,228.1508,41.533680892899476
1006,228.376319,42.80025302931261
1007,228.627299,41.73059398907105
1008,228.855721,44.01055488583951
1009,229.157216,42.502375241282124
1010,229.398833,42.16167621231619
1011,229.604947,42.80025302931261
1012,229.819703,43.44962057317095
1013,230.089794,42.80025302931261
1014,230.396821,43.657766289232
1015,230.66633,42.16167621231619
1016,230.882739,43.35208552647843
1017,231.089886,43.21023422985052
1018,231.284466,41.533680892899476
1019,231.532128,42.36225481633285
1020,231.722119,42.70457467591462
1021,231.922858,42.36225481633285
1022,232.140111,41.533680892899476
1023,232.396511,42.36225481633285
1024,232.72872,41.533680892899476
1025,232.974095,42.70457467591462
1026,233.197855,42.80025302931261
1027,233.439216,43.004575220085655
1028,233.657181,42.16167621231619
1029,233.885675,42.502375241282124
1030,234.124926,43.55940642047609
1031,234.322058,42.56414039543915
1032,234.518316,42.36225481633285
1033,234.710941,42.36225481633285
1034,234.93618,43.004575220085655
1035,235.1268,42.36225481633285
1036,235.314421,42.16167621231619
1037,235.538117,42.16167621231619
1038,235.765678,42.70457467591462
1039,236.034778,42.16167621231619
1040,236.292722,42.16167621231619
1041,236.540639,42.16167621231619
1042,236.863567,43.44962057317095
1043,237.101008,42.36225481633285
1044,237.316999,42.56414039543915
1045,237.521366,42.36225481633285
1046,237.750096,43.004575220085655
1047,237.943349,42.80025302931261
1048,238.187456,41.533680892899476
1049,238.386352,42.80025302931261
1050,238.587166,42.80025302931261
1051,238.809022,42.16167621231619
1052,239.00396,42.502375241282124
1053,239.241757,42.80025302931261
1054,239.486834,42.70457467591462
1055,239.7372,42.70457467591462
1056,239.964494,42.16167621231619
1057,240.19647,42.16167621231619
1058,240.462471,42.502375241282124
1059,240.674819,42.16167621231619
1060,240.887561,42.502375241282124
1061,241.099121,42.502375241282124
1062,241.348811,42.502375241282124
1063,241.655483,42.16167621231619
1064,241.87175,42.70457467591462
1065,242.071908,42.502375241282124
1066,242.268261,42.502375241282124
1067,242.491575,42.502375241282124
1068,242.766084,42.80025302931261
1069,242.957364,41.533680892899476
1070,243.158766,41.86930523284112
1071,243.391991,42.06780953948351
1072,243.630208,42.16167621231619
1073,243.920169,42.36225481633285
1074,244.164745,42.36225481633285
1075,244.41268,42.70457467591462
1076,244.642862,41.96239356278559
1077,244.850914,41.533680892899476
1078,245.099637,43.55940642047609
1079,245.330462,41.109386309515344
1080,245.537765,41.73059398907105
1081,245.731895,43.004575220085655
1082,245.925133,42.06780953948351
1083,246.178128,42.36225481633285
1084,246.389192,42.502375241282124
1085,246.626439,42.36225481633285
1086,246.823996,42.16167621231619
1087,247.021952,42.16167621231619
1088,247.35644,41.86930523284112
1089,247.587527,43.146112254006404
1090,247.82159,42.36225481633285
1091,248.06929,43.146112254006404
1092,248.310008,41.86930523284112
1093,248.598172,42.80025302931261
1094,248.82185,42.502375241282124
1095,249.073191,42.36225481633285
1096,249.329202,42.502375241282124
1097,249.659557,42.70457467591462
1098,249.848111,41.92878494509484
1099,250.063747,42.06780953948351
1100,250.282783,42.26760203207637
1101,250.488556,42.36225481633285
1102,250.727398,43.004575220085655
1103,250.953724,42.06780953948351
1104,251.233438,42.502375241282124
1105,251.472602,42.70457467591462
1106,251.772198,42.502375241282124
1107,252.016987,42.16167621231619
1108,252.283859,42.06780953948351
1109,252.479453,42.80025302931261
1110,252.685486,43.35208552647843
1111,252.939714,42.70457467591462
1112,253.139075,41.86930523284112
1113,253.336627,43.35208552647843
1114,253.536301,43.55940642047609
1115,253.731682,41.533680892899476
1116,253.919884,43.35208552647843
1117,254.147971,42.06780953948351
1118,254.366519,42.56414039543915
1119,254.595586,41.2466959574541
1120,254.836413,42.70457467591462
1121,255.083569,43.21023422985052
1122,255.377081,41.92878494509484
1123,255.655127,42.06780953948351
1124,255.907791,43.004575220085655
1125,256.147349,42.76734408310268
1126,256.359759,42.908091647008696
1127,256.626273,43.112937377998975
1128,256.864101,42.36225481633285
1129,257.115391,42.36225481633285
1130,257.337214,42.56414039543915
1131,257.543663,42.56414039543915
1132,257.773477,42.06780953948351
1133,257.987889,42.70457467591462
1134,258.23981,42.36225481633285
1135,258.487549,43.21023422985052
1136,258.738994,42.16167621231619
1137,259.007126,42.36225481633285
1138,259.240689,41.92878494509484
1139,259.453065,42.56414039543915
1140,259.66806,42.80025302931261
1141,259.862885,42.36225481633285
1142,260.092315,42.502375241282124
1143,260.286125,42.70457467591462
1144,260.475577,42.36225481633285
1145,260.694459,42.36225481633285
1146,260.932741,43.35208552647843
1147,261.20789,43.004575220085655
1148,261.453536,41.73059398907105
1149,261.69536,42.36225481633285
1150,261.924537,42.36225481633285
1151,262.151082,43.004575220085655
1152,262.412169,42.36225481633285
1153,262.606588,42.16167621231619
1154,262.796138,42.56414039543915
1155,262.983551,41.44158202029561
1156,263.170817,42.908091647008696
1157,263.349732,41.86930523284112
1158,263.616014,42.70457467591462
1159,263.866079,43.21023422985052
1160,264.106476,42.56414039543915
1161,264.336587,43.004575220085655
1162,264.563255,42.36225481633285
1163,264.803794,41.73059398907105
1164,265.030231,42.36225481633285
1165,265.242074,42.80025302931261
1166,265.420775,41.86930523284112
1167,265.615217,43.146112254006404
1168,265.874243,42.80025302931261
1169,266.072089,42.36225481633285
1170,266.261697,42.36225481633285
1171,266.448759,42.36225481633285
1172,266.637956,42.36225481633285
1173,266.826556,41.96239356278559
1174,267.036069,41.533680892899476
1175,267.256662,42.70457467591462
1176,267.487994,42.70457467591462
1177,267.781568,43.35208552647843
1178,268.021973,42.70457467591462
1179,268.299216,42.56414039543915
1180,268.530016,42.56414039543915
1181,268.741013,42.56414039543915
1182,268.958367,42.36225481633285
1183,269.207022,42.36225481633285
1184,269.522939,41.533680892899476
1185,269.742115,42.80025302931261
1186,269.957457,42.908091647008696
1187,270.148326,42.70457467591462
1188,270.376963,42.16167621231619
1189,270.619704,41.73059398907105
1190,270.813162,43.004575220085655
1191,271.037592,42.16167621231619
1192,271.292338,42.36225481633285
1193,271.542389,42.36225481633285
1194,271.830524,42.16167621231619
1195,272.064928,42.70457467591462
1196,272.304369,43.146112254006404
1197,272.542405,41.86930523284112
1198,272.732395,42.16167621231619
1199,272.980739,43.146112254006404
1200,273.173711,41.86930523284112
1201,273.375422,41.73059398907105
1202,273.5702,42.06780953948351
1203,273.771829,42.70457467591462
1204,273.942528,42.70457467591462
1205,274.189256,41.73059398907105
1206,274.425332,43.146112254006404
1207,274.682991,42.36225481633285
1208,274.915653,43.004575220085655
1209,275.280678,42.70457467591462
1210,275.508963,42.06780953948351
1211,275.712898,42.70457467591462
1212,275.964565,41.86930523284112
1213,276.176281,42.80025302931261
1214,276.427619,41.73059398907105
1215,276.633111,41.86930523284112
1216,276.866169,43.146112254006404
1217,277.055622,41.86930523284112
1218,277.257503,42.3014822334526
1219,277.494115,42.70457467591462
1220,277.677546,42.36225481633285
1221,277.900117,42.06780953948351
1222,278.245256,42.06780953948351
1223,278.528249,42.70457467591462
1224,278.786376,41.73059398907105
1225,279.014958,42.502375241282124
1226,279.223052,41.73059398907105
1227,279.431738,42.06780953948351
1228,279.665322,42.502375241282124
1229,279.893245,42.908091647008696
1230,280.087015,42.70457467591462
1231,280.287645,41.92878494509484
1232,280.481624,42.70457467591462
1233,280.715382,41.92878494509484
1234,280.914368,42.70457467591462
1235,281.087831,42.502375241282124
1236,281.297134,42.70457467591462
1237,281.52747,41.92878494509484
1238,281.806723,42.70457467591462
1239,282.044913,42.06780953948351
1240,282.275347,42.80025302931261
1241,282.509561,41.86930523284112
1242,282.755047,41.92878494509484
1243,283.012525,42.16167621231619
1244,283.218587,42.16167621231619
1245,283.421577,42.70457467591462
1246,283.655184,42.70457467591462
1247,283.850803,42.06780953948351
1248,284.088169,42.70457467591462
1249,284.284518,42.06780953948351
1250,284.472878,42.56414039543915
1251,284.657594,42.36225481633285
1252,284.847372,42.502375241282124
1253,285.055591,42.36225481633285
1254,285.323815,42.70457467591462
1255,285.575021,42.70457467591462
1256,285.804725,42.36225481633285
1257,286.05424,42.70457467591462
1258,286.285586,42.36225481633285
1259,286.545343,43.004575220085655
1260,286.763074,42.502375241282124
1261,286.973454,42.16167621231619
1262,287.223879,42.16167621231619
1263,287.443192,42.36225481633285
1264,287.698679,42.70457467591462
1265,287.895373,42.36225481633285
1266,288.08882,42.80025302931261
1267,288.328693,42.70457467591462
1268,288.536944,42.70457467591462
1269,288.766357,42.80025302931261
1270,288.997147,41.86930523284112
1271,289.22743,42.502375241282124
1272,289.479226,42.16167621231619
1273,289.731517,42.56414039543915
1274,289.997401,42.70457467591462
1275,290.251723,42.36225481633285
1276,290.482907,42.36225481633285
1277,290.692198,42.16167621231619
1278,290.921646,42.16167621231619
1279,291.171265,41.92878494509484
1280,291.376131,42.36225481633285
1281,291.569456,42.36225481633285
1282,291.762705,42.16167621231619
1283,291.960632,42.06780953948351
1284,292.149187,42.70457467591462
1285,292.378258,42.36225481633285
1286,292.567602,41.73059398907105
1287,292.787507,41.86930523284112
1288,293.032714,42.56414039543915
1289,293.278087,42.76734408310268
1290,293.566141,41.73059398907105
1291,293.820026,42.16167621231619
1292,294.051473,41.533680892899476
1293,294.246711,42.908091647008696
1294,294.447417,42.56414039543915
1295,294.701002,41.44158202029561
1296,294.958687,42.908091647008696
1297,295.158584,42.36225481633285
1298,295.387001,42.36225481633285
1299,295.580017,42.36225481633285
1300,295.83294,42.36225481633285
1301,296.035656,43.146112254006404
1302,296.229423,41.533680892899476
1303,296.471012,42.36225481633285
1304,296.703859,43.21023422985052
1305,296.987436,41.92878494509484
1306,297.231051,42.908091647008696
1307,297.475694,42.908091647008696
1308,297.706359,41.92878494509484
1309,297.917123,42.36225481633285
1310,298.177599,42.56414039543915
1311,298.40592,41.73059398907105
1312,298.68627,42.70457467591462
1313,298.879384,41.73059398907105
1314,299.067382,42.36225481633285
1315,299.294736,42.36225481633285
1316,299.485386,42.06780953948351
1317,299.67435,42.36225481633285
1318,299.863383,42.06780953948351
1319,300.089077,42.70457467591462
1320,300.380257,41.637727633237034
1321,300.658095,41.92878494509484
1322,300.913346,42.06780953948351
1323,301.152042,41.92878494509484
1324,301.379584,42.26760203207637
1325,301.633383,42.70457467591462
1326,301.841963,42.26760203207637
1327,302.061427,41.92878494509484
1328,302.283331,42.06780953948351
1329,302.514682,42.36225481633285
1330,302.781452,42.36225481633285
1331,302.989786,42.36225481633285
1332,303.181042,42.26760203207637
1333,303.388538,42.06780953948351
1334,303.579304,42.908091647008696
1335,303.828025,42.06780953948351
1336,304.07682,41.92878494509484
1337,304.305764,41.92878494509484
1338,304.535835,42.908091647008696
1339,304.78452,42.56414039543915
1340,305.117441,41.637727633237034
1341,305.371176,42.26760203207637
1342,305.583723,42.36225481633285
1343,305.797465,42.26760203207637
1344,306.023449,42.36225481633285
1345,306.299339,42.12826460977043
1346,306.503881,41.92878494509484
1347,306.705381,41.73059398907105
1348,306.900896,41.73059398907105
1349,307.101915,41.73059398907105
1350,307.371306,41.83514345382547
1351,307.591581,41.92878494509484
1352,307.790991,41.73059398907105
1353,308.012666,41.73059398907105
1354,308.273506,42.46869364708599
1355,308.591942,42.56414039543915
1356,308.862812,42.36225481633285
1357,309.152334,41.92878494509484
1358,309.382873,43.112937377998975
1359,309.587464,42.56414039543915
1360,309.84497,42.26760203207637
1361,310.100214,42.06780953948351
1362,310.322252,42.12826460977043
1363,310.546624,41.92878494509484
1364,310.738048,41.92878494509484
1365,310.970849,42.70457467591462
1366,311.20589,42.36225481633285
1367,311.405382,41.92878494509484
1368,311.600269,42.46869364708599
1369,311.829905,42.908091647008696
1370,312.11734,42.56414039543915
1371,312.367153,41.499792954695586
1372,312.595297,41.92878494509484
1373,312.826456,41.92878494509484
1374,313.097763,41.73059398907105
1375,313.387487,41.92878494509484
1376,313.607628,41.73059398907105
1377,313.829712,42.76734408310268
1378,314.055555,41.92878494509484
1379,314.262726,41.303959619274046
1380,314.515679,42.56414039543915
1381,314.711459,41.92878494509484
1382,314.911068,42.12826460977043
1383,315.106677,41.92878494509484
1384,315.352391,42.12826460977043
1385,315.598023,42.76734408310268
1386,315.833834,42.12826460977043
1387,316.128499,41.499792954695586
1388,316.366024,41.92878494509484
1389,316.637759,42.12826460977043
1390,316.899254,42.971877127018885
1391,317.155943,42.46869364708599
1392,317.366329,42.12826460977043
1393,317.571103,42.12826460977043
1394,317.830812,42.26760203207637
1395,318.10329,41.92878494509484
1396,318.380363,41.83514345382547
1397,318.57373,41.69689699557896
1398,318.76632,42.76734408310268
1399,319.032391,42.971877127018885
1400,319.280464,42.46869364708599
1401,319.508527,41.92878494509484
1402,319.757884,42.12826460977043
1403,319.998811,42.26760203207637
1404,320.283803,41.92878494509484
1405,320.513924,42.12826460977043
1406,320.75713,41.92878494509484
1407,320.953223,42.12826460977043
1408,321.180425,41.83514345382547
1409,321.452574,42.67109543277744
1410,321.666441,41.69689699557896
1411,321.866716,41.499792954695586
1412,322.060968,42.32904394280001
1413,322.260534,42.32904394280001
1414,322.449814,41.69689699557896
1415,322.684509,41.83514345382547
1416,322.909039,42.32904394280001
1417,323.14153,42.12826460977043
1418,323.382424,42.32904394280001
1419,323.62447,41.83514345382547
1420,323.939557,41.69689699557896
1421,324.196839,42.67109543277744
1422,324.396762,41.92878494509484
1423,324.642798,42.32904394280001
1424,324.853729,41.499792954695586
1425,325.099266,42.32904394280001
1426,325.2948,42.32904394280001
1427,325.530158,42.67109543277744
1428,325.728428,42.46869364708599
1429,325.92228,42.12826460977043
1430,326.14459,42.32904394280001
1431,326.334216,42.67109543277744
1432,326.564333,42.67109543277744
1433,326.828812,41.69689699557896
1434,327.068883,42.32904394280001
1435,327.341596,42.32904394280001
1436,327.590277,43.526660590555366
1437,327.798129,43.319123207471016
1438,328.007495,42.76734408310268
1439,328.199564,42.033840248160956
1440,328.473635,42.23382889220106
1441,328.673313,41.69689699557896
1442,328.867879,42.46869364708599
1443,329.057815,42.12826460977043
1444,329.245101,42.32904394280001
1445,329.518564,42.32904394280001
1446,329.739613,41.69689699557896
1447,329.961236,41.407148685219255
1448,330.200053,42.53113401612612
1449,330.428903,41.69689699557896
1450,330.704094,41.69689699557896
1451,330.952355,42.67109543277744
1452,331.206236,42.32904394280001
1453,331.45413,40.88172364658128
1454,331.639638,42.971877127018885
1455,331.867909,42.67109543277744
1456,332.061113,42.874818550563134
1457,332.248888,41.499792954695586
1458,332.438887,42.874818550563134
1459,332.627452,41.499792954695586
1460,332.809207,42.67109543277744
1461,333.044297,42.53113401612612
1462,333.22968,42.32904394280001
1463,333.458406,41.89528253070005
1464,333.708104,42.53113401612612
1465,333.95813,42.033840248160956
1466,334.235385,41.83514345382547
1467,334.48136,41.69689699557896
1468,334.70949,41.499792954695586
1469,334.907672,42.53113401612612
1470,335.115794,43.526660590555366
1471,335.379473,42.23382889220106
1472,335.6314,42.67109543277744
1473,335.836855,42.033840248160956
1474,336.056746,41.89528253070005
1475,336.259127,42.32904394280001
1476,336.491352,42.67109543277744
1477,336.71676,41.69689699557896
1478,336.92281,41.89528253070005
1479,337.124693,41.69689699557896
1480,337.342388,41.69689699557896
1481,337.63944,42.46869364708599
1482,337.906587,42.67109543277744
1483,338.157614,41.60348079027833
1484,338.383314,42.53113401612612
1485,338.614163,41.89528253070005
1486,338.886251,41.69689699557896
1487,339.116426,42.32904394280001
1488,339.343095,42.033840248160956
1489,339.539398,42.32904394280001
1490,339.788951,41.69689699557896
1491,340.013371,41.89528253070005
1492,340.207009,42.09496045912378
1493,340.407354,41.69689699557896
1494,340.598628,42.874818550563134
1495,340.815292,41.69689699557896
1496,341.084464,42.53113401612612
1497,341.329094,41.69689699557896
1498,341.570361,42.32904394280001
1499,341.812701,42.033840248160956
1500,342.041006,41.89528253070005
1501,342.285515,41.89528253070005
1502,342.49828,41.69689699557896
1503,342.709191,41.69689699557896
1504,342.939793,42.32904394280001
1505,343.150115,42.46869364708599
1506,343.41706,42.874818550563134
1507,343.610869,41.07522899204411
1508,343.804155,42.32904394280001
1509,344.026517,41.407148685219255
1510,344.23125,42.033840248160956
1511,344.461095,41.89528253070005
1512,344.691987,41.69689699557896
1513,344.942664,41.89528253070005
1514,345.176662,41.89528253070005
1515,345.405021,42.32904394280001
1516,345.663534,41.89528253070005
1517,345.907879,41.499792954695586
1518,346.119556,42.23382889220106
1519,346.326494,41.89528253070005
1520,346.557187,43.319123207471016
1521,346.815174,42.23382889220106
1522,347.015498,41.89528253070005
1523,347.218486,41.89528253070005
1524,347.411204,41.89528253070005
1525,347.602198,42.874818550563134
1526,347.807676,41.69689699557896
1527,348.059392,42.76734408310268
1528,348.26678,42.53113401612612
1529,348.483377,42.53113401612612
1530,348.726136,42.23382889220106
1531,348.974649,41.89528253070005
1532,349.243387,41.69689699557896
1533,349.474612,41.89528253070005
1534,349.707045,42.67109543277744
1535,350.038861,41.69689699557896
1536,350.316519,42.033840248160956
1537,350.56702,42.23382889220106
1538,350.817141,41.89528253070005
1539,351.078024,42.033840248160956
1540,351.269068,41.89528253070005
1541,351.499936,42.23382889220106
1542,351.71144,42.23382889220106
1543,351.917943,41.89528253070005
1544,352.108827,41.60348079027833
1545,352.335393,41.69689699557896
1546,352.63969,41.269987298999695
1547,352.899039,41.269987298999695
1548,353.145825,41.46600918808753
1549,353.380582,41.46600918808753
1550,353.563798,42.09496045912378
1551,353.796774,42.09496045912378
1552,353.989723,41.89528253070005
1553,354.180242,43.079874276370056
1554,354.368175,41.89528253070005
1555,354.554235,41.46600918808753
1556,354.742156,42.53113401612612
1557,354.976131,42.53113401612612
1558,355.173107,42.874818550563134
1559,355.362377,41.60348079027833
1560,355.606684,41.801086688192854
1561,355.844161,41.69689699557896
1562,356.126851,42.53113401612612
1563,356.378332,41.663305388320495
1564,356.627273,42.874818550563134
1565,356.869004,41.89528253070005
1566,357.107907,42.23382889220106
1567,357.372904,41.60348079027833
1568,357.561119,42.435120373083606
1569,357.750767,42.033840248160956
1570,357.938666,42.033840248160956
1571,358.128665,41.60348079027833
1572,358.302456,42.23382889220106
1573,358.544391,42.874818550563134
1574,358.769249,41.60348079027833
1575,359.01936,41.89528253070005
1576,359.251146,41.60348079027833
1577,359.505522,42.23382889220106
1578,359.744981,42.53113401612612
1579,359.964983,42.67109543277744
1580,360.176955,41.89528253070005
1581,360.473572,42.23382889220106
1582,360.69514,42.23382889220106
1583,360.959062,42.435120373083606
1584,361.153065,42.033840248160956
1585,361.342545,42.67109543277744
1586,361.542056,42.67109543277744
1587,361.754654,41.89528253070005
1588,361.996759,41.407148685219255
1589,362.196874,43.079874276370056
1590,362.418928,42.73454601528788
1591,362.663633,41.407148685219255
1592,362.903589,42.23382889220106
1593,363.165828,41.801086688192854
1594,363.413196,42.435120373083606
1595,363.654419,41.801086688192854
1596,363.884771,42.53113401612612
1597,364.094321,42.23382889220106
1598,364.347518,42.033840248160956
1599,364.570718,42.033840248160956
1600,364.764858,41.89528253070005
1601,364.955099,42.23382889220106
1602,365.155158,42.23382889220106
1603,365.392972,42.23382889220106
1604,365.601512,42.033840248160956
1605,365.816147,41.89528253070005
1606,366.024579,42.874818550563134
1607,366.243506,41.407148685219255
1608,366.523701,41.801086688192854
1609,366.768436,41.269987298999695
1610,366.996493,42.23382889220106
1611,367.227445,42.23382889220106
1612,367.478327,42.033840248160956
1613,367.741606,41.60348079027833
1614,367.957438,41.60348079027833
1615,368.173738,41.801086688192854
1616,368.423897,41.99997719467445
1617,368.687289,41.801086688192854
1618,368.931873,41.89528253070005
1619,369.128863,42.09496045912378
1620,369.356312,42.23382889220106
1621,369.553753,43.079874276370056
1622,369.749606,42.23382889220106
1623,370.005936,42.09496045912378
1624,370.274138,42.435120373083606
1625,370.526237,42.09496045912378
1626,370.88567,42.435120373083606
1627,371.175654,41.801086688192854
1628,371.39162,42.435120373083606
1629,371.601524,41.60348079027833
1630,371.804764,42.23382889220106
1631,371.990622,41.89528253070005
1632,372.221286,42.23382889220106
1633,372.414308,42.435120373083606
1634,372.610555,42.23382889220106
1635,372.806641,41.801086688192854
1636,373.029824,42.23382889220106
1637,373.285802,42.53113401612612
1638,373.51189,42.23382889220106
1639,373.742721,41.801086688192854
1640,373.978829,42.67109543277744
1641,374.220586,42.23382889220106
1642,374.496124,41.407148685219255
1643,374.701062,42.23382889220106
1644,374.899703,42.435120373083606
1645,375.103985,42.435120373083606
1646,375.331442,41.269987298999695
1647,375.554889,42.435120373083606
1648,375.764861,42.73454601528788
1649,375.957516,40.98356807486288
1650,376.151939,43.079874276370056
1651,376.349431,41.89528253070005
1652,376.54275,41.69689699557896
1653,376.766968,42.435120373083606
1654,376.968217,41.46600918808753
1655,377.21645,41.89528253070005
1656,377.458272,41.801086688192854
1657,377.715007,41.89528253070005
1658,377.979208,41.60348079027833
1659,378.188749,41.801086688192854
1660,378.397971,41.89528253070005
1661,378.605141,42.435120373083606
1662,378.803094,42.23382889220106
1663,379.079236,41.69689699557896
1664,379.32921,42.435120373083606
1665,379.574301,42.23382889220106
1666,379.781735,41.60348079027833
1667,379.984994,41.801086688192854
1668,380.214704,42.23382889220106
1669,380.405741,42.435120373083606
1670,380.632113,40.98356807486288
1671,380.85581,41.60348079027833
1672,381.134841,42.63772579046771
1673,381.423233,41.801086688192854
1674,381.660319,42.23382889220106
1675,381.869342,42.23382889220106
1676,382.074237,42.435120373083606
1677,382.285151,41.801086688192854
1678,382.511397,42.435120373083606
1679,382.704837,42.23382889220106
1680,382.925961,42.23382889220106
1681,383.156925,42.63772579046771
1682,383.393798,41.60348079027833
1683,383.660985,41.60348079027833
1684,383.915522,41.60348079027833
1685,384.160963,42.23382889220106
1686,384.415459,41.801086688192854
1687,384.626178,41.60348079027833
1688,384.851013,42.23382889220106
1689,385.054457,42.435120373083606
1690,385.246744,41.801086688192854
1691,385.4344,42.435120373083606
1692,385.624227,41.60348079027833
1693,385.815085,42.435120373083606
1694,386.093742,41.801086688192854
1695,386.332484,42.435120373083606
1696,386.572747,41.60348079027833
1697,386.814382,42.435120373083606
1698,387.021527,42.435120373083606
1699,387.262998,41.801086688192854
1700,387.484974,42.033840248160956
1701,387.720601,43.079874276370056
1702,387.922,42.435120373083606
1703,388.139528,42.23382889220106
1704,388.402938,42.09496045912378
1705,388.607621,42.23382889220106
1706,388.806571,41.60348079027833
1707,389.005442,41.60348079027833
1708,389.201549,41.801086688192854
1709,389.400304,42.23382889220106
1710,389.630304,42.435120373083606
1711,389.860361,42.435120373083606
1712,390.109626,41.801086688192854
1713,390.355472,42.033840248160956
1714,390.59229,42.23382889220106
1715,390.86746,42.033840248160956
1716,391.085755,41.60348079027833
1717,391.326489,41.89528253070005
1718,391.5749,43.079874276370056
1719,391.780211,42.67109543277744
1720,392.075881,42.23382889220106
1721,392.328039,42.23382889220106
1722,392.535106,42.435120373083606
1723,392.726028,41.89528253070005
1724,392.917775,42.874818550563134
1725,393.162804,42.435120373083606
1726,393.367598,42.435120373083606
1727,393.602307,42.435120373083606
1728,393.852372,42.435120373083606
1729,394.124101,42.53113401612612
1730,394.407325,42.09496045912378
1731,394.652722,42.435120373083606
1732,394.897528,41.60348079027833
1733,395.144771,42.23382889220106
1734,395.3564,42.435120373083606
1735,395.605763,42.23382889220106
1736,395.837563,41.269987298999695
1737,396.05527,42.033840248160956
1738,396.256616,41.89528253070005
1739,396.442912,42.09496045912378
1740,396.69477,41.407148685219255
1741,396.898336,41.60348079027833
1742,397.072888,42.23382889220106
1743,397.297303,41.99997719467445
1744,397.516951,42.23382889220106
1745,397.805335,42.23382889220106
1746,398.075838,42.23382889220106
1747,398.299604,41.801086688192854
1748,398.518718,42.435120373083606
1749,398.738932,41.89528253070005
1750,399.013169,42.23382889220106
1751,399.228184,42.23382889220106
1752,399.432698,41.60348079027833
1753,399.642018,42.23382889220106
1754,399.910399,42.23382889220106
1755,400.154992,41.269987298999695
1756,400.351487,42.23382889220106
1757,400.551488,41.801086688192854
1758,400.740484,42.435120373083606
1759,400.947369,42.874818550563134
1760,401.199392,41.99997719467445
1761,401.454281,41.801086688192854
1762,401.816329,42.23382889220106
1763,402.064294,42.435120373083606
1764,402.34759,42.435120373083606
1765,402.582216,42.23382889220106
1766,402.771226,42.23382889220106
1767,402.960619,42.23382889220106
1768,403.147898,42.23382889220106
1769,403.388501,42.435120373083606
1770,403.625506,42.435120373083606
1771,403.874365,42.033840248160956
1772,404.114735,41.60348079027833
1773,404.354618,42.23382889220106
1774,404.684567,41.801086688192854
1775,404.887755,42.23382889220106
1776,405.082838,41.801086688192854
1777,405.27443,42.23382889220106
1778,405.463402,42.435120373083606
1779,405.653694,41.60348079027833
1780,405.872103,42.23382889220106
1781,406.064236,41.801086688192854
1782,406.278787,41.801086688192854
1783,406.527315,41.801086688192854
1784,406.756865,41.801086688192854
1785,407.060021,42.033840248160956
1786,407.279856,42.435120373083606
1787,407.477243,42.435120373083606
1788,407.683915,42.033840248160956
1789,407.89061,41.99997719467445
1790,408.140185,42.23382889220106
1791,408.338901,41.99997719467445
1792,408.529913,43.079874276370056
1793,408.719627,41.801086688192854
1794,408.90836,42.73454601528788
1795,409.097863,42.23382889220106
1796,409.327314,42.09496045912378
1797,409.50874,41.89528253070005
1798,409.708773,42.23382889220106
1799,409.952278,41.60348079027833
1800,410.186649,41.801086688192854
1801,410.475601,41.372818368848996
1802,410.705843,42.295941791534425
1803,410.933389,42.435120373083606
1804,411.13111,41.801086688192854
1805,411.353078,41.801086688192854
1806,411.602475,42.435120373083606
1807,411.795614,41.99997719467445
1808,412.021244,41.801086688192854
1809,412.307259,42.435120373083606
1810,412.50252,41.801086688192854
1811,412.752535,42.23382889220106
1812,412.960452,41.99997719467445
1813,413.169485,41.801086688192854
1814,413.37947,42.435120373083606
1815,413.605079,41.801086688192854
1816,413.920415,41.801086688192854
1817,414.171542,42.23382889220106
1818,414.399756,41.801086688192854
1819,414.639996,42.033840248160956
1820,414.846724,41.372818368848996
1821,415.08545,41.99997719467445
1822,415.319378,41.801086688192854
1823,415.593915,41.99997719467445
1824,415.830528,42.435120373083606
1825,416.076674,41.801086688192854
1826,416.317771,42.435120373083606
1827,416.525925,42.23382889220106
1828,416.75794,41.801086688192854
1829,416.952373,42.033840248160956
1830,417.154992,41.801086688192854
1831,417.422239,41.60348079027833
1832,417.679692,42.63772579046771
1833,417.912392,41.60348079027833
1834,418.15942,42.435120373083606
1835,418.407926,42.435120373083606
1836,418.683037,42.435120373083606
1837,418.900029,41.99997719467445
1838,419.121294,42.63772579046771
1839,419.314361,41.801086688192854
1840,419.526711,41.99997719467445
1841,419.765798,41.60348079027833
1842,419.957883,41.99997719467445
1843,420.161143,42.435120373083606
1844,420.357695,41.372818368848996
1845,420.592535,42.63772579046771
1846,420.857903,42.435120373083606
1847,421.08151,41.801086688192854
1848,421.299355,42.435120373083606
1849,421.511351,42.435120373083606
1850,421.784116,42.09496045912378
1851,422.084397,42.435120373083606
1852,422.315154,41.60348079027833
1853,422.640903,42.435120373083606
1854,422.87869,41.801086688192854
1855,423.149349,42.435120373083606
1856,423.385542,42.435120373083606
1857,423.632832,41.99997719467445
1858,423.839412,42.435120373083606
1859,424.045521,42.23382889220106
1860,424.287307,41.801086688192854
1861,424.497493,41.801086688192854
1862,424.704548,41.801086688192854
1863,424.888275,42.63772579046771
1864,425.125437,41.801086688192854
1865,425.405335,42.435120373083606
1866,425.656719,42.435120373083606
1867,425.906355,41.801086688192854
1868,426.139376,42.435120373083606
1869,426.375491,41.801086688192854
1870,426.680201,41.99997719467445
1871,426.886044,41.60348079027833
1872,427.058821,42.20016323599897
1873,427.272022,41.99997719467445
1874,427.499182,41.99997719467445
1875,427.739954,42.435120373083606
1876,427.938975,41.99997719467445
1877,428.123363,42.435120373083606
1878,428.314046,41.99997719467445
1879,428.528862,41.801086688192854
1880,428.730684,41.99997719467445
1881,428.976396,41.99997719467445
1882,429.211777,42.63772579046771
1883,429.436379,41.17756522380949
1884,429.679393,42.20016323599897
1885,429.916204,41.99997719467445
1886,430.187458,41.801086688192854
1887,430.435862,41.99997719467445
1888,430.667946,41.372818368848996
1889,430.877958,41.17756522380949
1890,431.107235,41.99997719467445
1891,431.412207,41.801086688192854
1892,431.607566,41.801086688192854
1893,431.812546,41.99997719467445
1894,432.008027,42.20016323599897
1895,432.222354,42.63772579046771
1896,432.476618,41.99997719467445
1897,432.719289,41.372818368848996
1898,432.945977,41.801086688192854
1899,433.186057,41.801086688192854
1900,433.433792,42.63772579046771
1901,433.723271,41.801086688192854
1902,433.967451,41.372818368848996
1903,434.200006,41.663305388320495
1904,434.444657,41.372818368848996
1905,434.661738,42.295941791534425
1906,434.891316,41.99997719467445
1907,435.097936,41.99997719467445
1908,435.28692,41.99997719467445
1909,435.475608,42.20016323599897
1910,435.664653,41.372818368848996
1911,435.935644,41.99997719467445
1912,436.171092,41.86188673838942
1913,436.411334,42.20016323599897
1914,436.643285,42.295941791534425
1915,436.890842,41.663305388320495
1916,437.163632,42.20016323599897
1917,437.408905,41.46600918808753
1918,437.609935,41.663305388320495
1919,437.820261,42.20016323599897
1920,438.036046,41.86188673838942
1921,438.304335,41.801086688192854
1922,438.515215,41.99997719467445
1923,438.710172,42.20016323599897
1924,438.900843,41.372818368848996
1925,439.100702,41.17756522380949
1926,439.293216,42.295941791534425
1927,439.530274,41.663305388320495
1928,439.75098,41.663305388320495
1929,439.995544,41.99997719467445
1930,440.229737,41.76713534418698
1931,440.486665,41.99997719467445
1932,440.766218,42.20016323599897
1933,440.98815,41.99997719467445
1934,441.207733,41.86188673838942
1935,441.440685,41.04117386748101
1936,441.652862,41.56933815706569
1937,441.918233,41.99997719467445
1938,442.14165,41.99997719467445
1939,442.344853,41.663305388320495
1940,442.534716,41.99997719467445
1941,442.723743,42.20016323599897
1942,442.965289,41.663305388320495
1943,443.215556,41.04117386748101
1944,443.408107,41.236118353126066
1945,443.635999,41.663305388320495
1946,443.871483,41.663305388320495
1947,444.155614,42.20016323599897
1948,444.408868,41.99997719467445
1949,444.638463,41.236118353126066
1950,444.886007,41.99997719467445
1951,445.094997,41.43232999804644
1952,445.351476,41.86188673838942
1953,445.579194,41.86188673838942
1954,445.805295,41.56933815706569
1955,445.999678,41.56933815706569
1956,446.189042,41.86188673838942
1957,446.431965,41.56933815706569
1958,446.627559,41.99997719467445
1959,446.818915,42.20016323599897
1960,447.029304,41.86188673838942
1961,447.236826,41.99997719467445
1962,447.490782,41.99997719467445
1963,447.730625,42.06176418798629
1964,447.991171,41.56933815706569
1965,448.269834,41.76713534418698
1966,448.556433,41.04117386748101
1967,448.781582,42.40165585034041
1968,448.99879,42.06176418798629
1969,449.21376,42.70185927726165
1970,449.440405,41.56933815706569
1971,449.757236,41.663305388320495
1972,449.999784,41.99997719467445
1973,450.196294,41.86188673838942
1974,450.389313,42.06176418798629
1975,450.601035,42.06176418798629
1976,450.873067,42.26294879914534
1977,451.095356,42.20016323599897
1978,451.318854,41.236118353126066
1979,451.574381,41.04117386748101
1980,451.822284,41.62981958082146
1981,452.11783,41.43232999804644
1982,452.365652,41.14315301574674
1983,452.616527,41.56933815706569
1984,452.801514,41.76713534418698
1985,453.010178,41.236118353126066
1986,453.243264,40.62072712446275
1987,453.489519,41.43232999804644
1988,453.683814,42.26294879914534
1989,453.873988,41.56933815706569
1990,454.059376,42.26294879914534
1991,454.241812,41.43232999804644
1992,454.520212,42.06176418798629
1993,454.787235,42.06176418798629
1994,455.035096,41.76713534418698
1995,455.267923,41.966220795891495
1996,455.497964,42.06176418798629
1997,455.789036,41.236118353126066
1998,456.004244,41.966220795891495
1999,456.20877,40.81334951178994
2000,456.392185,42.06176418798629
2001,456.583197,41.43232999804644
2002,456.773531,41.43232999804644
2003,457.0053,42.604466189122796
2004,457.198436,41.14315301574674
2005,457.393568,41.56933815706569
2006,457.572913,41.86188673838942
2007,457.753985,41.14315301574674
2008,457.94849,41.966220795891495
2009,458.187743,42.604466189122796
2010,458.421344,42.06176418798629
2011,458.652021,41.33859146590482
2012,458.89141,42.26294879914534
2013,459.133656,42.604466189122796
2014,459.433139,41.43232999804644
2015,459.650828,41.8285979904158
2016,459.883646,41.43232999804644
2017,460.145818,42.26294879914534
2018,460.408402,41.43232999804644
2019,460.692828,41.62981958082146
2020,460.894698,41.76713534418698
2021,461.092292,41.62981958082146
2022,461.307883,41.76713534418698
2023,461.492881,41.76713534418698
2024,461.689984,41.62981958082146
2025,461.967491,41.62981958082146
2026,462.233065,41.62981958082146
2027,462.518869,41.43232999804644
2028,462.767978,41.14315301574674
2029,463.016751,41.33859146590482
2030,463.272718,41.966220795891495
2031,463.477951,41.76713534418698
2032,463.76649,41.966220795891495
2033,464.006441,41.53530013668108
2034,464.243957,41.76713534418698
2035,464.450901,41.62981958082146
2036,464.646805,41.62981958082146
2037,464.836674,41.966220795891495
2038,465.036403,41.53530013668108
2039,465.206842,42.26294879914534
2040,465.453738,41.43232999804644
2041,465.687794,42.26294879914534
2042,465.92994,41.00722132738199
2043,466.188819,41.8285979904158
2044,466.422798,41.62981958082146
2045,466.721631,42.40165585034041
2046,467.00983,41.33859146590482
2047,467.230602,42.604466189122796
2048,467.440966,41.62981958082146
2049,467.626366,41.43232999804644
2050,467.86721,41.43232999804644
2051,468.066092,41.966220795891495
2052,468.254264,41.62981958082146
2053,468.441799,41.8285979904158
2054,468.629115,41.43232999804644
2055,468.818406,41.8285979904158
2056,469.079799,41.62981958082146
2057,469.322753,41.43232999804644
2058,469.553929,41.966220795891495
2059,469.792403,41.00722132738199
2060,470.033729,41.62981958082146
2061,470.327287,41.76713534418698
2062,470.531124,41.62981958082146
2063,470.733851,41.8285979904158
2064,470.955322,42.16660548913516
2065,471.163261,42.808605518391495
2066,471.39033,40.81334951178994
2067,471.594868,41.202353181504066
2068,471.783405,41.62981958082146
2069,471.969022,41.62981958082146
2070,472.183405,42.16660548913516
2071,472.444361,41.00722132738199
2072,472.704693,41.8285979904158
2073,472.958393,41.43232999804644
2074,473.207669,41.43232999804644
2075,473.50113,42.4654517476033
2076,473.755082,41.62981958082146
2077,474.042388,41.8285979904158
2078,474.248823,41.53530013668108
2079,474.447487,41.53530013668108
2080,474.694317,41.8285979904158
2081,474.921846,41.8285979904158
2082,475.111883,41.62981958082146
2083,475.299512,41.00722132738199
2084,475.499899,41.62981958082146
2085,475.677581,41.202353181504066
2086,475.905205,41.8285979904158
2087,476.150934,42.26294879914534
2088,476.37993,41.8285979904158
2089,476.612973,41.202353181504066
2090,476.837397,42.26294879914534
2091,477.115749,42.16660548913516
2092,477.338625,41.202353181504066
2093,477.547466,41.39875579288546
2094,477.760067,41.8285979904158
2095,478.013306,41.00722132738199
2096,478.338962,42.26294879914534
2097,478.537335,41.966220795891495
2098,478.736987,41.33859146590482
2099,478.931561,42.4654517476033
2100,479.148016,42.26294879914534
2101,479.387211,41.8285979904158
2102,479.580975,41.8285979904158
2103,479.805172,41.8285979904158
2104,480.054809,41.8285979904158
2105,480.296016,41.62981958082146
2106,480.603042,41.8285979904158
2107,480.857281,41.62981958082146
2108,481.080244,42.16660548913516
2109,481.272525,41.8285979904158
2110,481.499883,41.202353181504066
2111,481.785568,42.4654517476033
2112,481.983529,41.202353181504066
2113,482.188129,41.62981958082146
2114,482.378439,41.39875579288546
2115,482.57997,41.8285979904158
2116,482.772636,42.4654517476033
2117,482.998441,41.8285979904158
2118,483.219136,42.16660548913516
2119,483.451451,41.202353181504066
2120,483.692145,41.8285979904158
2121,483.928775,41.53530013668108
2122,484.294964,41.00722132738199
2123,484.534888,41.202353181504066
2124,484.836305,41.202353181504066
2125,485.048552,41.202353181504066
2126,485.255131,41.10884343206291
2127,485.53791,41.62981958082146
2128,485.756075,41.8285979904158
2129,485.942099,41.8285979904158
2130,486.137243,41.62981958082146
2131,486.344434,42.028676227513536
2132,486.533176,41.39875579288546
2133,486.757819,42.028676227513536
2134,486.986861,41.62981958082146
2135,487.228437,40.77931495372006
2136,487.469747,41.39875579288546
2137,487.719568,41.8285979904158
2138,487.995181,41.39875579288546
2139,488.206545,41.8285979904158
2140,488.412331,41.8285979904158
2141,488.620584,41.8285979904158
2142,488.822127,42.16660548913516
2143,489.061862,41.10884343206291
2144,489.250096,42.028676227513536
2145,489.435647,41.8285979904158
2146,489.644663,41.39875579288546
2147,489.861937,41.8285979904158
2148,490.140815,42.16660548913516
2149,490.368929,42.028676227513536
2150,490.622266,41.8285979904158
2151,490.873586,40.77931495372006
2152,491.102844,42.36830051349612
2153,491.379367,41.8285979904158
2154,491.590584,41.62981958082146
2155,491.807802,40.58651108972495
2156,492.010438,42.028676227513536
2157,492.206658,42.028676227513536
2158,492.442899,41.202353181504066
2159,492.650022,41.202353181504066
2160,492.84375,42.16660548913516
2161,493.039885,41.39875579288546
2162,493.228391,41.8285979904158
2163,493.404596,42.028676227513536
2164,493.658916,41.8285979904158
2165,493.899209,41.73328983342044
2166,494.130373,42.36830051349612
2167,494.364221,41.39875579288546
2168,494.747884,42.36830051349612
2169,494.967772,42.16660548913516
2170,495.173138,42.36830051349612
2171,495.392626,42.028676227513536
2172,495.595453,42.16660548913516
2173,495.842256,41.8285979904158
2174,496.04817,41.202353181504066
2175,496.242978,41.39875579288546
2176,496.432978,41.202353181504066
2177,496.633521,41.33859146590482
2178,496.840601,40.97337176652611
2179,497.083195,41.59643999002794
2180,497.28902,40.77931495372006
2181,497.510244,41.73328983342044
2182,497.746665,41.202353181504066
2183,497.995685,41.8285979904158
2184,498.28643,41.39875579288546
2185,498.520534,41.39875579288546
2186,498.744495,42.23006540587044
2187,498.951386,42.669284324178214
2188,499.148842,41.00722132738199
2189,499.450822,42.028676227513536
2190,499.711474,41.39875579288546
2191,499.921367,42.571317072537916
2192,500.121143,41.73328983342044
2193,500.317502,41.73328983342044
2194,500.570391,41.39875579288546
2195,500.776063,41.8285979904158
2196,500.978359,41.39875579288546
2197,501.208109,41.39875579288546
2198,501.442728,41.39875579288546
2199,501.725158,41.39875579288546
2200,501.960348,41.39875579288546
2201,502.194669,42.028676227513536
2202,502.428832,41.93257147212737
2203,502.635433,41.73328983342044
2204,502.884711,42.16660548913516
2205,503.117648,41.202353181504066
2206,503.321935,40.58651108972495
2207,503.530219,41.59643999002794
2208,503.734937,41.73328983342044
2209,503.970912,41.39875579288546
2210,504.180159,41.202353181504066
2211,504.368163,41.59643999002794
2212,504.553514,40.97337176652611
2213,504.76159,40.97337176652611
2214,505.05198,42.571317072537916
2215,505.271748,41.59643999002794
2216,505.510846,41.10884343206291
2217,505.741704,41.39875579288546
2218,505.97414,41.10884343206291
2219,506.262056,41.39875579288546
2220,506.513477,42.028676227513536
2221,506.76386,41.39875579288546
2222,506.990468,40.97337176652611
2223,507.227189,41.93257147212737
2224,507.535188,41.795416712532315
2225,507.742883,40.97337176652611
2226,507.939773,41.16869218728323
2227,508.1409,41.93257147212737
2228,508.326502,41.59643999002794
2229,508.516367,41.39875579288546
2230,508.77325,42.028676227513536
2231,509.020072,41.795416712532315
2232,509.269932,40.97337176652611
2233,509.512333,41.501367135531794
2234,509.749136,40.97337176652611
2235,510.031604,40.77931495372006
2236,510.248797,42.23006540587044
2237,510.480571,41.16869218728323
2238,510.670162,41.59643999002794
2239,510.867305,41.3044683743559
2240,511.14943,40.77931495372006
2241,511.339687,40.97337176652611
2242,511.534188,42.571317072537916
2243,511.779392,41.16869218728323
2244,512.018574,40.97337176652611
2245,512.325089,41.39875579288546
2246,512.570651,41.59643999002794
2247,512.822523,41.39875579288546
2248,513.094784,40.97337176652611
2249,513.299846,41.16869218728323
2250,513.552436,42.028676227513536
2251,513.757654,42.571317072537916
2252,513.94842,41.59643999002794
2253,514.142157,41.59643999002794
2254,514.328847,41.93257147212737
2255,514.516351,41.59643999002794
2256,514.73917,41.16869218728323
2257,514.933153,41.795416712532315
2258,515.159827,41.16869218728323
2259,515.372374,42.133156080803126
2260,515.601964,40.55239608117756
2261,515.892762,41.795416712532315
2262,516.139838,41.795416712532315
2263,516.355326,41.59643999002794
2264,516.558594,41.39875579288546
2265,516.766038,41.39875579288546
2266,517.003367,41.16869218728323
2267,517.228071,41.3044683743559
2268,517.435681,41.3044683743559
2269,517.627425,41.995697012443266
2270,517.817745,41.39875579288546
2271,518.059109,41.16869218728323
2272,518.283284,41.795416712532315
2273,518.506767,41.93257147212737
2274,518.728715,40.97337176652611
2275,518.959721,41.59643999002794
2276,519.275154,42.571317072537916
2277,519.514355,41.795416712532315
2278,519.756529,42.571317072537916
2279,519.986103,40.97337176652611
2280,520.219516,42.133156080803126
2281,520.483111,41.36528698429373
2282,520.694274,41.16869218728323
2283,520.946297,41.16869218728323
2284,521.198791,41.795416712532315
2285,521.423245,41.795416712532315
2286,521.670157,41.795416712532315
2287,521.871814,41.16869218728323
2288,522.103129,41.795416712532315
2289,522.334918,41.3044683743559
2290,522.530813,40.97337176652611
2291,522.762107,40.97337176652611
2292,522.991759,41.59643999002794
2293,523.243227,41.69955057090914
2294,523.491406,41.995697012443266
2295,523.718534,40.97337176652611
2296,523.985239,41.16869218728323
2297,524.226018,41.93257147212737
2298,524.439305,41.995697012443266
2299,524.661431,40.97337176652611
2300,524.889284,41.36528698429373
2301,525.173483,42.43277675368555
2302,525.419216,40.97337176652611
2303,525.619426,41.16869218728323
2304,525.812351,41.795416712532315
2305,526.007859,42.133156080803126
2306,526.273246,40.97337176652611
2307,526.476662,41.16869218728323
2308,526.707034,42.133156080803126
2309,526.959144,41.795416712532315
2310,527.192897,41.795416712532315
2311,527.484498,40.55239608117756
2312,527.75473,40.97337176652611
2313,527.982043,41.795416712532315
2314,528.193703,41.39875579288546
2315,528.402897,41.36528698429373
2316,528.677415,41.3044683743559
2317,528.926481,41.36528698429373
2318,529.156683,41.36528698429373
2319,529.355435,41.36528698429373
2320,529.551506,41.59643999002794
2321,529.8026,42.133156080803126
2322,529.99218,41.501367135531794
2323,530.191453,40.97337176652611
2324,530.409522,40.97337176652611
2325,530.655622,41.795416712532315
2326,530.941705,41.16869218728323
2327,531.199699,42.43277675368555
2328,531.430052,40.97337176652611
2329,531.658367,41.36528698429373
2330,531.863654,41.36528698429373
2331,532.092817,42.636821614991554
2332,532.309416,41.795416712532315
2333,532.513669,41.36528698429373
2334,532.754705,41.36528698429373
2335,532.957,41.795416712532315
2336,533.182084,41.69955057090914
2337,533.372838,41.36528698429373
2338,533.583648,42.33505480080149
2339,533.811685,41.995697012443266
2340,534.021943,42.77566648519213
2341,534.265235,41.795416712532315
2342,534.476922,41.795416712532315
2343,534.708052,41.795416712532315
2344,534.956039,41.995697012443266
2345,535.211187,40.97337176652611
2346,535.516586,41.36528698429373
2347,535.813519,41.36528698429373
2348,536.02394,41.36528698429373
2349,536.235908,41.16869218728323
2350,536.463676,42.1972920556132
2351,536.775218,41.795416712532315
2352,537.030672,41.36528698429373
2353,537.300005,41.69955057090914
2354,537.490397,41.36528698429373
2355,537.691456,42.133156080803126
2356,537.928982,41.69955057090914
2357,538.150111,40.880090879115
2358,538.369444,41.501367135531794
2359,538.631703,41.56316703634124
2360,538.867792,42.1972920556132
2361,539.149881,41.36528698429373
2362,539.345071,41.89902964718056
2363,539.594598,41.69955057090914
2364,539.797682,41.69955057090914
2365,539.99293,41.36528698429373
2366,540.236196,41.69955057090914
2367,540.431105,41.69955057090914
2368,540.6129,41.69955057090914
2369,540.800368,41.16869218728323
2370,540.988691,41.56316703634124
2371,541.189596,41.36528698429373
2372,541.469894,41.36528698429373
2373,541.704979,41.501367135531794
2374,541.951929,41.36528698429373
2375,542.181766,41.36528698429373
2376,542.413979,41.36528698429373
2377,542.727498,40.93962558294827
2378,542.936983,40.880090879115
2379,543.123776,42.538278888203585
2380,543.314418,40.880090879115
2381,543.502222,42.1972920556132
2382,543.691971,40.93962558294827
2383,543.914899,41.995697012443266
2384,544.090208,42.1972920556132
2385,544.276482,40.745382587147404
2386,544.486986,41.36528698429373
2387,544.719497,41.89902964718056
2388,544.999669,41.56316703634124
2389,545.256172,41.36528698429373
2390,545.458909,41.36528698429373
2391,545.667715,41.69955057090914
2392,545.916922,41.36528698429373
2393,546.139336,41.36528698429373
2394,546.369909,41.36528698429373
2395,546.587015,41.36528698429373
2396,546.779268,41.56316703634124
2397,546.96939,41.36528698429373
2398,547.210936,40.745382587147404
2399,547.399456,41.995697012443266
2400,547.59553,41.69955057090914
2401,547.805504,40.745382587147404
2402,548.015476,41.56316703634124
2403,548.30075,42.1972920556132
2404,548.551387,41.07463686566281
2405,548.782768,41.36528698429373
2406,549.023234,41.76234333402825
2407,549.258117,41.36528698429373
2408,549.515271,41.56316703634124
2409,549.733511,41.27044949545354
2410,549.97971,40.46010772143323
2411,550.245698,40.93962558294827
2412,550.493144,41.36528698429373
2413,550.746958,41.36528698429373
2414,550.953216,41.795416712532315
2415,551.179606,41.36528698429373
2416,551.397525,41.36528698429373
2417,551.596142,41.76234333402825
2418,551.870002,41.56316703634124
2419,552.135444,41.76234333402825
2420,552.414456,42.538278888203585
2421,552.648504,40.93962558294827
2422,552.924036,41.27044949545354
2423,553.135707,41.56316703634124
2424,553.352644,41.56316703634124
2425,553.57404,40.93962558294827
2426,553.796273,41.89902964718056
2427,554.04281,41.89902964718056
2428,554.24856,41.36528698429373
2429,554.439969,41.36528698429373
2430,554.631701,42.133156080803126
2431,554.817503,40.93962558294827
2432,555.009104,41.56316703634124
2433,555.275804,41.07463686566281
2434,555.50481,40.93962558294827
2435,555.73391,40.93962558294827
2436,555.965703,40.745382587147404
2437,556.218038,41.69955057090914
2438,556.491085,41.69955057090914
2439,556.73299,41.56316703634124
2440,556.932101,41.69955057090914
2441,557.143809,41.76234333402825
2442,557.350023,41.76234333402825
2443,557.611925,40.93962558294827
2444,557.806067,42.099815443761145
2445,558.007568,41.89902964718056
2446,558.197653,40.32646156495978
2447,558.39705,42.1972920556132
2448,558.600429,41.89902964718056
2449,558.843463,41.89902964718056
2450,559.06111,40.93962558294827
2451,559.315727,42.538278888203585
2452,559.525502,42.538278888203585
2453,559.807508,40.93962558294827
2454,560.075528,40.93962558294827
2455,560.317957,41.76234333402825
2456,560.539584,41.07463686566281
2457,560.745403,41.36528698429373
2458,561.00626,41.56316703634124
2459,561.259963,40.745382587147404
2460,561.45931,42.742839715211986
2461,561.662982,42.1972920556132
2462,561.856317,40.93962558294827
2463,562.045212,41.89902964718056
2464,562.314581,41.07463686566281
2465,562.522222,41.27044949545354
2466,562.727925,41.69955057090914
2467,562.950634,41.56316703634124
2468,563.189409,41.467539563384534
2469,563.45321,41.501367135531794
2470,563.692696,41.56316703634124
2471,563.933279,41.56316703634124
2472,564.15915,41.56316703634124
2473,564.403718,40.84580242530052
2474,564.68496,41.89902964718056
2475,564.930163,40.745382587147404
2476,565.192246,41.89902964718056
2477,565.391556,41.69955057090914
2478,565.596467,40.93962558294827
2479,565.851164,41.27044949545354
2480,566.082275,40.93962558294827
2481,566.378754,41.27044949545354
2482,566.670399,41.467539563384534
2483,566.956338,40.93962558294827
2484,567.222469,41.27044949545354
2485,567.468634,41.56316703634124
2486,567.679096,41.56316703634124
2487,568.012582,41.27044949545354
2488,568.222908,41.89902964718056
2489,568.409651,40.93962558294827
2490,568.596639,41.56316703634124
2491,568.811813,41.56316703634124
2492,569.077306,41.467539563384534
2493,569.328293,41.27044949545354
2494,569.579845,41.467539563384534
2495,569.832282,41.56316703634124
2496,570.059258,41.89902964718056
2497,570.332146,40.84580242530052
2498,570.541245,40.5183824836
2499,570.725682,41.467539563384534
2500,570.901766,41.13513577694558
2501,571.088272,42.099815443761145
2502,571.294894,40.93962558294827
2503,571.595294,41.13513577694558
2504,571.836255,41.665917975107334
2505,572.073554,40.93962558294827
2506,572.280389,42.30191915415549
2507,572.491551,41.76234333402825
2508,572.749491,41.89902964718056
2509,572.96536,41.76234333402825
2510,573.188604,40.652330636854046
2511,573.376856,42.099815443761145
2512,573.565507,40.93962558294827
2513,573.78815,42.30191915415549
2514,573.989573,40.745382587147404
2515,574.180298,41.76234333402825
2516,574.386116,41.27044949545354
2517,574.612707,41.331923987371205
2518,574.907986,41.13513577694558
2519,575.154027,41.27044949545354
2520,575.387453,42.30191915415549
2521,575.60086,41.96282698113223
2522,575.813493,41.467539563384534
2523,576.059645,40.652330636854046
2524,576.269224,40.93962558294827
2525,576.472418,41.467539563384534
2526,576.685989,42.099815443761145
2527,576.936758,41.467539563384534
2528,577.178667,41.27044949545354
2529,577.378665,42.742839715211986
2530,577.563662,40.652330636854046
2531,577.749441,42.50535208734403
2532,577.937917,40.84580242530052
2533,578.140723,42.099815443761145
2534,578.380149,41.76234333402825
2535,578.629744,40.5183824836
2536,578.863257,41.665917975107334
2537,579.114405,40.84580242530052
2538,579.362219,41.96282698113223
2539,579.644134,41.13513577694558
2540,579.855127,41.04053371269079
2541,580.067402,41.27044949545354
2542,580.31817,40.84580242530052
2543,580.544557,41.76234333402825
2544,580.811956,40.5183824836
2545,581.007701,41.665917975107334
2546,581.209417,41.56316703634124
2547,581.424442,42.1972920556132
2548,581.61419,41.27044949545354
2549,581.803742,41.89902964718056
2550,582.093893,41.13513577694558
2551,582.341787,40.32646156495978
2552,582.573172,41.76234333402825
2553,582.821939,40.5183824836
2554,583.057174,41.76234333402825
2555,583.347859,41.467539563384534
2556,583.56831,41.76234333402825
2557,583.778912,41.89902964718056
2558,583.973158,41.27044949545354
2559,584.185749,41.27044949545354
2560,584.436614,41.89902964718056
2561,584.641311,42.099815443761145
2562,584.83034,40.93962558294827
2563,585.027972,41.467539563384534
2564,585.239738,41.27044949545354
2565,585.5024,42.604471612494585
2566,585.699126,42.742839715211986
2567,585.91695,42.604471612494585
2568,586.149928,41.56316703634124
2569,586.391581,41.96282698113223
2570,586.673994,41.665917975107334
2571,586.934539,42.099815443761145
2572,587.257584,41.96282698113223
2573,587.477268,42.16462919598082
2574,587.748336,42.099815443761145
2575,587.997132,42.40021312308509
2576,588.255422,41.13513577694558
2577,588.457283,41.13513577694558
2578,588.671818,41.467539563384534
2579,588.915012,40.93962558294827
2580,589.143392,41.27044949545354
2581,589.357265,41.467539563384534
2582,589.547509,41.467539563384534
2583,589.774678,40.93962558294827
2584,590.06134,41.467539563384534
2585,590.307718,41.467539563384534
2586,590.547487,42.099815443761145
2587,590.782261,40.84580242530052
2588,591.008701,41.331923987371205
2589,591.262698,40.23439902761677
2590,591.497212,41.96282698113223
2591,591.718419,41.96282698113223
2592,591.910476,40.5183824836
2593,592.109258,41.467539563384534
2594,592.341335,41.89902964718056
2595,592.534117,41.665917975107334
2596,592.723449,42.099815443761145
2597,592.913674,41.04053371269079
2598,593.125844,41.467539563384534
2599,593.388474,40.84580242530052
2600,593.626562,41.76234333402825
2601,593.86792,41.665917975107334
2602,594.09715,41.56316703634124
2603,594.324975,41.467539563384534
2604,594.587095,40.84580242530052
2605,594.808573,41.23653523376483
2606,595.014852,41.331923987371205
2607,595.233499,41.89902964718056
2608,595.434376,41.96282698113223
2609,595.690936,41.331923987371205
2610,595.899112,41.04053371269079
2611,596.098729,41.467539563384534
2612,596.293194,41.96282698113223
2613,596.494277,42.30191915415549
2614,596.730573,40.93962558294827
2615,596.947159,41.56316703634124
2616,597.167514,40.5183824836
2617,597.417812,41.865595748368456
2618,597.795268,41.331923987371205
2619,598.020872,40.84580242530052
2620,598.25533,42.099815443761145
2621,598.459475,41.76234333402825
2622,598.66977,42.30191915415549
2623,598.97154,41.467539563384534
2624,599.180916,41.13513577694558
2625,599.385055,41.467539563384534
2626,599.586015,41.13513577694558
2627,599.781297,41.13513577694558
2628,599.968768,41.331923987371205
2629,600.198887,41.467539563384534
2630,600.387573,41.331923987371205
2631,600.612396,40.84580242530052
2632,600.868134,41.331923987371205
2633,601.112355,42.099815443761145
2634,601.406266,41.04053371269079
2635,601.655976,41.04053371269079
2636,601.885704,41.13513577694558
2637,602.10325,41.27044949545354
2638,602.310286,40.84580242530052
2639,602.573913,41.13513577694558
2640,602.810286,42.099815443761145
2641,603.02427,41.665917975107334
2642,603.245137,42.742839715211986
2643,603.43531,41.04053371269079
2644,603.683428,41.665917975107334
2645,603.878609,42.16462919598082
2646,604.075846,42.30191915415549
2647,604.285407,41.865595748368456
2648,604.51662,41.665917975107334
2649,604.795028,41.665917975107334
2650,605.059613,41.331923987371205
2651,605.295492,41.331923987371205
2652,605.520564,40.84580242530052
2653,605.730598,41.665917975107334
2654,605.992633,41.467539563384534
2655,606.229246,41.665917975107334
2656,606.4471,41.27044949545354
2657,606.645263,41.04053371269079
2658,606.839114,41.76234333402825
2659,607.084074,41.331923987371205
2660,607.277386,40.5183824836
2661,607.467027,41.865595748368456
2662,607.652534,41.04053371269079
2663,607.93096,41.23653523376483
2664,608.220841,41.23653523376483
2665,608.463416,42.30191915415549
2666,608.694134,41.04053371269079
2667,608.943586,41.331923987371205
2668,609.174498,41.665917975107334
2669,609.46736,41.665917975107334
2670,609.675918,41.04053371269079
2671,609.882838,40.84580242530052
2672,610.11479,41.530001143653394
2673,610.349256,41.865595748368456
2674,610.606701,41.04053371269079
2675,610.822068,41.23653523376483
2676,611.015315,41.665917975107334
2677,611.226588,41.530001143653394
2678,611.42765,41.23653523376483
2679,611.667793,41.865595748368456
2680,611.909482,41.13513577694558
2681,612.180354,41.665917975107334
2682,612.432633,40.101508266435374
2683,612.719306,41.96282698113223
2684,612.977875,41.331923987371205
2685,613.203076,41.72937828776554
2686,613.409803,41.96282698113223
2687,613.641598,40.5183824836
2688,613.906355,40.5183824836
2689,614.111237,41.665917975107334
2690,614.315194,42.30191915415549
2691,614.515808,41.331923987371205
2692,614.711979,41.331923987371205
2693,614.955143,41.665917975107334
2694,615.147672,41.04053371269079
2695,615.373567,40.711552805040796
2696,615.638728,41.23653523376483
2697,615.876247,40.711552805040796
2698,616.141343,40.905983177972495
2699,616.389728,41.865595748368456
2700,616.683215,41.865595748368456
2701,616.923991,41.665917975107334
2702,617.197305,42.16462919598082
2703,617.412414,42.30191915415549
2704,617.67662,41.23653523376483
2705,617.905152,40.711552805040796
2706,618.107196,40.711552805040796
2707,618.380249,41.23653523376483
2708,618.575199,41.10168436033963
2709,618.765168,41.72937828776554
2710,618.988838,41.530001143653394
2711,619.241099,41.331923987371205
2712,619.531533,41.331923987371205
2713,619.761406,41.530001143653394
2714,619.993291,41.43381783339973
2715,620.18845,41.23653523376483
2716,620.414603,41.04053371269079
2717,620.661916,40.81161659302121
2718,620.86586,41.23653523376483
2719,621.060361,41.72937828776554
2720,621.253463,40.61796187421057
2721,621.45975,40.711552805040796
2722,621.637716,41.530001143653394
2723,621.886546,41.23653523376483
2724,622.124123,41.665917975107334
2725,622.381609,41.04053371269079
2726,622.622361,41.43381783339973
2727,622.943746,41.865595748368456
2728,623.170749,41.04053371269079
2729,623.419509,41.23653523376483
2730,623.646972,41.10168436033963
2731,623.844021,40.905983177972495
2732,624.122107,42.30191915415549
2733,624.315697,41.04053371269079
2734,624.503212,42.16462919598082
2735,624.689546,41.23653523376483
2736,624.876977,42.06658401436899
2737,625.062611,40.711552805040796
2738,625.282263,41.23653523376483
2739,625.460317,41.43381783339973
2740,625.662511,40.905983177972495
2741,625.903084,42.06658401436899
2742,626.155984,41.72937828776554
2743,626.47224,41.72937828776554
2744,626.700737,41.865595748368456
2745,626.908843,42.06658401436899
2746,627.119236,41.865595748368456
2747,627.329253,41.865595748368456
2748,627.570149,40.711552805040796
2749,627.834482,41.865595748368456
2750,628.058081,41.23653523376483
2751,628.247579,42.16462919598082
2752,628.519962,41.93006657559351
2753,628.766514,42.16462919598082
2754,628.993888,41.43381783339973
2755,629.200673,42.06658401436899
2756,629.390041,41.23653523376483
2757,629.637688,41.23653523376483
2758,629.939053,40.905983177972495
2759,630.182734,41.43381783339973
2760,630.432082,41.665917975107334
2761,630.662721,41.23653523376483
2762,630.898227,42.50535208734403
2763,631.162882,40.905983177972495
2764,631.372635,41.72937828776554
2765,631.587308,42.16462919598082
2766,631.80188,42.16462919598082
2767,632.0043,42.71012566918861
2768,632.250834,41.63239246794279
2769,632.454532,40.905983177972495
2770,632.687373,41.530001143653394
2771,632.906938,41.865595748368456
2772,633.111958,41.43381783339973
2773,633.355499,42.06658401436899
2774,633.587292,41.43381783339973
2775,633.816266,42.50535208734403
2776,634.046327,40.61796187421057
2777,634.275264,40.905983177972495
2778,634.557565,41.23653523376483
2779,634.796309,40.905983177972495
2780,635.025684,41.865595748368456
2781,635.239374,41.23653523376483
2782,635.49372,41.865595748368456
2783,635.8022,41.43381783339973
2784,636.008578,41.72937828776554
2785,636.213652,40.905983177972495
2786,636.43207,42.16462919598082
2787,636.661482,40.61796187421057
2788,636.901839,41.10168436033963
2789,637.09793,41.331923987371205
2790,637.312613,41.43381783339973
2791,637.565104,40.61796187421057
2792,637.796922,41.23653523376483
2793,638.095426,41.23653523376483
2794,638.350074,41.72937828776554
2795,638.595776,42.06658401436899
2796,638.899801,40.61796187421057
2797,639.202111,40.711552805040796
2798,639.411864,41.04053371269079
2799,639.606358,42.50535208734403
2800,639.808739,42.16462919598082
2801,640.004195,40.905983177972495
2802,640.246733,41.665917975107334
2803,640.440876,41.665917975107334
2804,640.629194,41.23653523376483
2805,640.83214,41.665917975107334
2806,641.046399,41.865595748368456
2807,641.35527,41.72937828776554
2808,641.596427,41.43381783339973
2809,641.855599,42.16462919598082
2810,642.08493,41.72937828776554
2811,642.315008,42.06658401436899
2812,642.620156,41.530001143653394
2813,642.847699,41.331923987371205
2814,643.049772,41.530001143653394
2815,643.318244,41.865595748368456
2816,643.549109,41.331923987371205
2817,643.79575,41.23653523376483
2818,643.989771,41.04053371269079
2819,644.173039,41.865595748368456
2820,644.364285,41.23653523376483
2821,644.617554,41.23653523376483
2822,644.908,41.530001143653394
2823,645.156115,41.43381783339973
2824,645.407563,41.23653523376483
2825,645.634971,41.530001143653394
2826,645.864657,41.530001143653394
2827,646.11915,41.43381783339973
2828,646.328013,40.905983177972495
2829,646.518639,41.530001143653394
2830,646.70578,40.905983177972495
2831,646.908321,41.72937828776554
2832,647.183167,40.61796187421057
2833,647.414321,42.06658401436899
2834,647.640693,41.43381783339973
2835,647.876027,41.04053371269079
2836,648.12187,40.905983177972495
2837,648.412792,41.865595748368456
2838,648.648342,41.865595748368456
2839,648.856653,42.06658401436899
2840,649.098478,40.905983177972495
2841,649.290697,41.43381783339973
2842,649.514715,40.711552805040796
2843,649.710428,41.10168436033963
2844,649.897793,41.72937828776554
2845,650.079874,40.61796187421057
2846,650.253966,40.292368302308795
2847,650.478724,42.06658401436899
2848,650.748226,42.06658401436899
2849,650.980789,41.43381783339973
2850,651.232184,41.63239246794279
2851,651.472688,41.865595748368456
2852,651.727841,41.63239246794279
2853,651.981421,42.367761312846184
2854,652.193904,42.16462919598082
2855,652.388226,40.484470684943425
2856,652.590121,42.50535208734403
2857,652.81731,41.43381783339973
2858,653.05136,41.331923987371205
2859,653.255109,41.23653523376483
2860,653.449461,41.865595748368456
2861,653.650552,41.865595748368456
2862,653.838684,41.43381783339973
2863,654.027692,41.43381783339973
2864,654.300393,42.71012566918861
2865,654.552691,40.905983177972495
2866,654.781845,41.23653523376483
2867,655.024481,41.865595748368456
2868,655.264004,41.23653523376483
2869,655.538351,42.50535208734403
2870,655.750444,41.23653523376483
2871,655.956265,40.905983177972495
2872,656.17621,41.23653523376483
2873,656.414838,41.865595748368456
2874,656.658179,41.530001143653394
2875,656.857359,40.81161659302121
2876,657.055639,41.23653523376483
2877,657.250802,42.06658401436899
2878,657.475173,40.484470684943425
2879,657.712964,41.23653523376483
2880,657.925407,41.43381783339973
2881,658.153481,41.331923987371205
2882,658.398546,40.905983177972495
2883,658.645566,41.43381783339973
2884,658.916631,41.23653523376483
2885,659.146857,41.23653523376483
2886,659.38415,42.367761312846184
2887,659.592161,42.26889401914302
2888,659.804179,42.16462919598082
2889,660.061534,42.50535208734403
2890,660.280765,41.72937828776554
2891,660.470045,41.23653523376483
2892,660.667224,41.43381783339973
2893,660.867616,40.905983177972495
2894,661.109125,41.04053371269079
2895,661.339229,42.06658401436899
2896,661.537241,40.905983177972495
2897,661.73997,41.43381783339973
2898,661.96539,42.06658401436899
2899,662.268126,42.26889401914302
2900,662.528782,40.905983177972495
2901,662.770055,40.484470684943425
2902,663.008856,41.10168436033963
2903,663.241434,41.43381783339973
2904,663.486291,41.23653523376483
2905,663.722683,40.81161659302121
2906,663.976618,41.72937828776554
2907,664.196728,40.61796187421057
2908,664.40634,41.23653523376483
2909,664.636327,41.72937828776554
2910,664.830958,40.61796187421057
2911,665.065417,41.72937828776554
2912,665.275347,41.29866722066344
2913,665.473101,41.665917975107334
2914,665.723155,41.530001143653394
2915,665.965211,41.23653523376483
2916,666.227565,40.81161659302121
2917,666.477114,40.67782600361553
2918,666.704914,40.81161659302121
2919,667.021572,40.81161659302121
2920,667.250634,42.16462919598082
2921,667.458943,41.72937828776554
2922,667.695875,41.43381783339973
2923,667.895809,41.10168436033963
2924,668.186472,41.93006657559351
2925,668.382849,40.81161659302121
2926,668.587537,40.81161659302121
2927,668.779447,42.06658401436899
2928,668.980553,41.63239246794279
2929,669.243408,41.10168436033963
2930,669.470414,40.61796187421057
2931,669.745113,41.63239246794279
2932,669.975727,41.72937828776554
2933,670.20665,40.61796187421057
2934,670.506987,40.81161659302121
2935,670.735943,41.23653523376483
2936,670.986423,40.905983177972495
2937,671.254468,41.10168436033963
2938,671.501161,41.63239246794279
2939,671.767998,41.23653523376483
2940,671.995101,41.10168436033963
2941,672.246172,42.06658401436899
2942,672.481993,41.006534372563834
2943,672.684262,41.43381783339973
2944,672.917721,41.43381783339973
2945,673.138277,40.905983177972495
2946,673.33052,41.43381783339973
2947,673.517137,40.61796187421057
2948,673.741591,40.484470684943425
2949,674.023209,41.93006657559351
2950,674.266,41.72937828776554
2951,674.499465,41.72937828776554
2952,674.731119,40.81161659302121
2953,674.959662,41.72937828776554
2954,675.210775,41.10168436033963
2955,675.412778,41.72937828776554
2956,675.601421,40.81161659302121
2957,675.789066,41.43381783339973
2958,675.975455,41.29866722066344
2959,676.162399,41.10168436033963
2960,676.395209,41.10168436033963
2961,676.611204,41.10168436033963
2962,676.837262,42.06658401436899
2963,677.066487,40.81161659302121
2964,677.291331,40.81161659302121
2965,677.565343,41.43381783339973
2966,677.797592,40.484470684943425
2967,678.03735,41.43381783339973
2968,678.249503,41.10168436033963
2969,678.42357,41.10168436033963
2970,678.657993,42.06658401436899
2971,678.847017,41.006534372563834
2972,679.045445,40.67782600361553
2973,679.237738,41.93006657559351
2974,679.428204,41.63239246794279
2975,679.618205,41.10168436033963
2976,679.834747,41.29866722066344
2977,680.076558,41.10168436033963
2978,680.311857,41.63239246794279
2979,680.592384,40.81161659302121
2980,680.834128,41.63239246794279
2981,681.078991,41.006534372563834
2982,681.300238,42.26889401914302
2983,681.510431,41.93006657559351
2984,681.723002,41.83227020656368
2985,681.932978,41.83227020656368
2986,682.219917,40.484470684943425
2987,682.452773,40.484470684943425
2988,682.64914,41.63239246794279
2989,682.846243,42.26889401914302
2990,683.039695,40.81161659302121
2991,683.30731,40.67782600361553
2992,683.518718,40.81161659302121
2993,683.709828,41.72937828776554
2994,683.92663,41.496942739383115
2995,684.217138,40.391112039572405
2996,684.523995,40.58369494849026
2997,684.771388,41.006534372563834
2998,685.001554,41.63239246794279
2999,685.210808,41.29866722066344
3000,685.419974,41.006534372563834
3001,685.679272,41.29866722066344
3002,685.917569,41.63239246794279
3003,686.157485,41.43381783339973
3004,686.376789,41.006534372563834
3005,686.58511,40.67782600361553
3006,686.815779,41.83227020656368
3007,687.044652,41.40020236216651
3008,687.265318,41.496942739383115
3009,687.485087,40.67782600361553
3010,687.678835,41.83227020656368
3011,687.949617,40.87244495624589
3012,688.173362,40.484470684943425
3013,688.405164,41.83227020656368
3014,688.654839,41.006534372563834
3015,688.8946,41.69652201021553
3016,689.175321,40.67782600361553
3017,689.385701,41.29866722066344
3018,689.59253,41.69652201021553
3019,689.805731,41.29866722066344
3020,690.080469,41.06833835071514
3021,690.447172,40.67782600361553
3022,690.642066,42.26889401914302
3023,690.879895,41.006534372563834
3024,691.110022,40.87244495624589
3025,691.346506,41.202725997206706
3026,691.568028,41.29866722066344
3027,691.807743,40.484470684943425
3028,692.036363,40.87244495624589
3029,692.277728,41.202725997206706
3030,692.521766,40.87244495624589
3031,692.811086,42.13207727832241
3032,693.048487,41.202725997206706
3033,693.266579,40.484470684943425
3034,693.477153,40.06733689588654
3035,693.687115,40.87244495624589
3036,693.924056,40.87244495624589
3037,694.115928,41.202725997206706
3038,694.31237,41.83227020656368
3039,694.50398,40.67782600361553
3040,694.700256,41.496942739383115
3041,694.918399,40.391112039572405
3042,695.165266,41.496942739383115
3043,695.377092,42.472537124955565
3044,695.597659,42.03346223262508
3045,695.840963,41.83227020656368
3046,696.070554,41.496942739383115
3047,696.347481,40.87244495624589
3048,696.611927,40.58369494849026
3049,696.854773,40.87244495624589
3050,697.089106,41.40020236216651
3051,697.289589,41.69652201021553
3052,697.575514,40.58369494849026
3053,697.826535,42.472537124955565
3054,698.073308,41.69652201021553
3055,698.26677,40.58369494849026
3056,698.472488,40.45066107636291
3057,698.735303,40.58369494849026
3058,698.92695,41.83227020656368
3059,699.120842,41.06833835071514
3060,699.349185,41.496942739383115
3061,699.6184,41.40020236216651
3062,699.899586,40.87244495624589
3063,700.131518,40.58369494849026
3064,700.369035,42.03346223262508
3065,700.642693,41.496942739383115
3066,700.953297,41.83227020656368
3067,701.151751,41.40020236216651
3068,701.397056,40.25837606025621
3069,701.601155,40.58369494849026
3070,701.794939,41.83227020656368
3071,702.039239,41.06833835071514
3072,702.233816,41.40020236216651
3073,702.433558,41.202725997206706
3074,702.621796,40.87244495624589
3075,702.830763,40.87244495624589
3076,703.105211,40.25837606025621
3077,703.368059,40.87244495624589
3078,703.638591,40.58369494849026
3079,703.940034,40.06733689588654
3080,704.214653,40.25837606025621
3081,704.420025,40.58369494849026
3082,704.635698,41.202725997206706
3083,704.857825,41.40020236216651
3084,705.058336,40.87244495624589
3085,705.306763,41.202725997206706
3086,705.517592,40.87244495624589
3087,705.712339,40.97263924800513
3088,705.906554,41.265517106197315
3089,706.109361,42.099636757767804
3090,706.297763,41.265517106197315
3091,706.559896,40.033265774792056
3092,706.823749,39.974972165291035
3093,707.062744,42.03346223262508
3094,707.292444,41.06833835071514
3095,707.631088,41.89741624153427
3096,707.855438,40.64420258236654
3097,708.063029,40.25837606025621
3098,708.274039,39.843285123129434
3099,708.499951,41.89741624153427
3100,708.746867,40.64420258236654
3101,708.953324,40.64420258236654
3102,709.15668,40.45066107636291
3103,709.35504,41.69652201021553
3104,709.555694,41.06833835071514
3105,709.786796,41.06833835071514
3106,709.985925,41.06833835071514
3107,710.214476,41.06833835071514
3108,710.446695,40.25837606025621
3109,710.685073,41.89741624153427
3110,711.047482,41.89741624153427
3111,711.290477,41.265517106197315
3112,711.523371,42.54011159817577
3113,711.764637,40.64420258236654
3114,711.965305,41.59897447485268
3115,712.219426,41.59897447485268
3116,712.473187,40.45066107636291
3117,712.696688,41.265517106197315
3118,712.896455,41.265517106197315
3119,713.089635,41.06833835071514
3120,713.335464,42.54011159817577
3121,713.521724,40.35676559740638
3122,713.752527,42.54011159817577
3123,714.007587,40.45066107636291
3124,714.256902,41.89741624153427
3125,714.55397,42.099636757767804
3126,714.811838,41.265517106197315
3127,715.048795,40.45066107636291
3128,715.296039,41.265517106197315
3129,715.491895,41.06833835071514
3130,715.722882,41.69652201021553
3131,715.924092,41.265517106197315
3132,716.119043,40.45066107636291
3133,716.32364,40.97263924800513
3134,716.513559,42.43983445984588
3135,716.703295,40.033265774792056
3136,716.962521,41.59897447485268
3137,717.200949,41.89741624153427
3138,717.431375,41.06833835071514
3139,717.673584,40.64420258236654
3140,717.91142,40.839011325772546
3141,718.15481,41.265517106197315
3142,718.436469,42.43983445984588
3143,718.643077,42.43983445984588
3144,718.845457,40.2244852249454
3145,719.020119,42.099636757767804
3146,719.260414,41.799053456230624
3147,719.458779,40.033265774792056
3148,719.647679,42.099636757767804
3149,719.836297,40.2244852249454
3150,720.0233,41.59897447485268
3151,720.202848,41.40020236216651
3152,720.418416,40.839011325772546
3153,720.64554,40.839011325772546
3154,720.876656,40.97263924800513
3155,721.132605,41.169022197080245
3156,721.483213,40.549530248956806
3157,721.731081,41.265517106197315
3158,721.948794,40.97263924800513
3159,722.152844,41.169022197080245
3160,722.353606,41.366693569737976
3161,722.612221,41.6637749414964
3162,722.83659,40.45066107636291
3163,723.031307,41.89741624153427
3164,723.22121,41.169022197080245
3165,723.419508,40.97263924800513
3166,723.659184,41.169022197080245
3167,723.903362,41.265517106197315
3168,724.100358,41.46399225451216
3169,724.321434,40.839011325772546
3170,724.557791,40.033265774792056
3171,724.847317,42.30319500081748
3172,725.074081,40.033265774792056
3173,725.303811,41.03509816475806
3174,725.538345,42.43983445984588
3175,725.748877,41.6637749414964
3176,725.995511,40.839011325772546
3177,726.225989,42.099636757767804
3178,726.48038,40.549530248956806
3179,726.708184,42.6450376113047
3180,726.910657,42.099636757767804
3181,727.146865,41.23247406951675
3182,727.391657,42.099636757767804
3183,727.586667,39.80913667857197
3184,727.784771,40.2244852249454
3185,727.978299,41.6637749414964
3186,728.25039,42.00045054220405
3187,728.500229,41.6637749414964
3188,728.74732,41.03509816475806
3189,728.981723,41.03509816475806
3190,729.210941,41.03509816475806
3191,729.456186,42.00045054220405
3192,729.676303,41.366693569737976
3193,729.877505,41.23247406951675
3194,730.070681,40.549530248956806
3195,730.293689,40.839011325772546
3196,730.531729,42.43983445984588
3197,730.738271,41.864876428394126
3198,730.941316,41.46399225451216
3199,731.133453,41.169022197080245
3200,731.338516,41.03509816475806
3201,731.662167,41.46399225451216
3202,731.863997,41.6637749414964
3203,732.079988,41.6637749414964
3204,732.348543,41.6637749414964
3205,732.604843,41.6637749414964
3206,732.954195,40.74355437359489
3207,733.199915,42.00045054220405
3208,733.427254,42.00045054220405
3209,733.639098,41.366693569737976
3210,733.866762,41.6637749414964
3211,734.172139,41.03509816475806
3212,734.435891,41.265517106197315
3213,734.706545,40.839011325772546
3214,734.908357,40.41695405225045
3215,735.103064,41.6637749414964
3216,735.32367,39.80913667857197
3217,735.524424,42.6450376113047
3218,735.756734,39.80913667857197
3219,736.020283,39.62020984901228
3220,736.270625,41.03509816475806
3221,736.591436,40.41695405225045
3222,736.797099,41.23247406951675
3223,737.000783,42.00045054220405
3224,737.232716,41.6637749414964
3225,737.432065,41.23247406951675
3226,737.659839,41.6637749414964
3227,737.857222,41.6637749414964
3228,738.043006,40.2244852249454
3229,738.218098,40.93884874507795
3230,738.415045,40.80568269794806
3231,738.617086,40.80568269794806
3232,738.900939,41.6637749414964
3233,739.139621,41.366693569737976
3234,739.378996,41.03509816475806
3235,739.62922,41.366693569737976
3236,739.878775,41.03509816475806
3237,740.166375,41.169022197080245
3238,740.364232,41.23247406951675
3239,740.553231,41.23247406951675
3240,740.753461,41.23247406951675
3241,740.950878,41.366693569737976
3242,741.138676,42.27108143242344
3243,741.360025,41.23247406951675
3244,741.555264,41.431150123622245
3245,741.794864,42.00045054220405
3246,742.072463,40.41695405225045
3247,742.301194,41.6637749414964
3248,742.593648,40.41695405225045
3249,742.803037,41.03509816475806
3250,743.00052,41.366693569737976
3251,743.217409,42.00045054220405
3252,743.397697,40.6106829441021
3253,743.57978,41.864876428394126
3254,743.855635,42.50810253149549
3255,744.05682,42.50810253149549
3256,744.260213,42.30319500081748
3257,744.456314,39.80913667857197
3258,744.645741,42.06730809326685
3259,744.830836,40.93884874507795
3260,745.058676,42.30319500081748
3261,745.272754,41.864876428394126
3262,745.518245,40.32252059904788
3263,745.739121,40.2244852249454
3264,745.985985,41.431150123622245
3265,746.269095,40.13082536433631
3266,746.511923,42.30319500081748
3267,746.725763,40.80568269794806
3268,746.940388,41.431150123622245
3269,747.171751,39.99929528433156
3270,747.457586,41.23247406951675
3271,747.677472,41.6637749414964
3272,747.883694,41.6637749414964
3273,748.08432,40.80568269794806
3274,748.299175,40.41695405225045
3275,748.570963,40.41695405225045
3276,748.772984,40.6106829441021
3277,748.968157,41.431150123622245
3278,749.213857,42.30319500081748
3279,749.465278,40.80568269794806
3280,749.756303,41.03509816475806
3281,750.000154,40.41695405225045
3282,750.224471,41.366693569737976
3283,750.434892,40.41695405225045
3284,750.640708,40.32252059904788
3285,750.888035,41.23247406951675
3286,751.106444,40.32252059904788
3287,751.299051,42.20317708501665
3288,751.488895,40.41695405225045
3289,751.678606,40.80568269794806
3290,751.877206,41.23247406951675
3291,752.12272,40.41695405225045
3292,752.3522,41.765945935462774
3293,752.558908,41.366693569737976
3294,752.776227,40.93884874507795
3295,753.017824,41.864876428394126
3296,753.3138,40.32252059904788
3297,753.579799,41.63113752541087
3298,753.808729,41.967549390494916
3299,754.050062,39.80913667857197
3300,754.255087,39.99929528433156
3301,754.52305,40.41695405225045
3302,754.751731,41.6637749414964
3303,755.025585,42.00045054220405
3304,755.274677,40.41695405225045
3305,755.47768,40.32252059904788
3306,755.718545,41.431150123622245
3307,755.959376,39.62020984901228
3308,756.152799,42.612664540382504
3309,756.340802,40.6106829441021
3310,756.568464,42.50810253149549
3311,756.858917,40.13082536433631
3312,757.086437,42.06730809326685
3313,757.304766,41.864876428394126
3314,757.547476,40.6106829441021
3315,757.761129,40.41695405225045
3316,758.011132,41.03509816475806
3317,758.247445,40.74355437359489
3318,758.477161,40.6106829441021
3319,758.673031,40.6106829441021
3320,758.860733,40.80568269794806
3321,759.084082,40.19069618571419
3322,759.285283,41.431150123622245
3323,759.472089,41.431150123622245
3324,759.659256,40.32252059904788
3325,759.884412,40.80568269794806
3326,760.164476,42.06730809326685
3327,760.428269,40.41695405225045
3328,760.683267,41.366693569737976
3329,760.928885,40.74355437359489
3330,761.220021,41.431150123622245
3331,761.453062,41.56566442481965
3332,761.679228,40.32252059904788
3333,761.877982,42.851600953681896
3334,762.08753,42.06730809326685
3335,762.354493,42.612664540382504
3336,762.600318,41.967549390494916
3337,762.792649,39.99929528433156
3338,762.983868,41.864876428394126
3339,763.17007,39.99929528433156
3340,763.416759,40.6106829441021
3341,763.643343,40.6106829441021
3342,763.87377,41.864876428394126
3343,764.12505,40.93884874507795
3344,764.355387,41.23247406951675
3345,764.637232,42.06730809326685
3346,764.898516,42.06730809326685
3347,765.106823,42.06730809326685
3348,765.320854,42.06730809326685
3349,765.540129,40.515468168094195
3350,765.813012,40.32252059904788
3351,766.006607,42.06730809326685
3352,766.195709,40.80568269794806
3353,766.389219,41.135424248105444
3354,766.586694,42.00045054220405
3355,766.809401,41.431150123622245
3356,767.068054,41.431150123622245
3357,767.278062,41.23247406951675
3358,767.506521,41.23247406951675
3359,767.748448,40.80568269794806
3360,767.987,39.99929528433156
3361,768.260992,40.13082536433631
3362,768.490978,42.06730809326685
3363,768.730599,40.80568269794806
3364,768.950795,40.32252059904788
3365,769.166144,40.93884874507795
3366,769.441389,40.6106829441021
3367,769.706454,40.6106829441021
3368,769.976716,40.80568269794806
3369,770.210492,42.40724455467348
3370,770.410613,42.40724455467348
3371,770.651946,40.19069618571419
3372,770.847746,41.431150123622245
3373,771.044705,40.80568269794806
3374,771.275875,41.765945935462774
3375,771.532575,41.0019642226259
3376,771.822375,40.80568269794806
3377,772.065001,41.431150123622245
3378,772.296107,41.23247406951675
3379,772.540904,39.99929528433156
3380,772.812821,40.80568269794806
3381,773.059924,41.431150123622245
3382,773.252174,40.515468168094195
3383,773.441031,42.71437103098285
3384,773.617253,42.50810253149549
3385,773.877157,41.0019642226259
3386,774.14714,40.32252059904788
3387,774.378069,40.6106829441021
3388,774.619302,41.431150123622245
3389,774.858494,41.56566442481965
3390,775.099097,41.56566442481965
3391,775.37781,40.41695405225045
3392,775.588159,40.41695405225045
3393,775.779115,42.06730809326685
3394,775.966928,39.80913667857197
3395,776.159377,42.92201230230852
3396,776.346005,40.32252059904788
3397,776.570962,42.06730809326685
3398,776.748196,41.864876428394126
3399,776.937073,40.6106829441021
3400,777.220457,41.23247406951675
3401,777.468341,40.549530248956806
3402,777.741222,41.56566442481965
3403,778.000045,40.41695405225045
3404,778.200722,39.99929528433156
3405,778.407361,40.32252059904788
3406,778.606051,41.864876428394126
3407,778.867789,41.431150123622245
3408,779.061302,41.19953853971918
3409,779.285684,42.06730809326685
3410,779.492248,41.431150123622245
3411,779.684508,40.41695405225045
3412,779.920358,42.06730809326685
3413,780.122694,41.6637749414964
3414,780.313601,40.80568269794806
3415,780.502168,41.23247406951675
3416,780.695006,40.80568269794806
3417,780.955715,40.80568269794806
3418,781.196702,41.431150123622245
3419,781.437714,40.41695405225045
3420,781.676465,42.50810253149549
3421,781.920005,41.33329187966682
3422,782.159688,40.32252059904788
3423,782.376029,40.515468168094195
3424,782.59051,39.99929528433156
3425,782.783035,41.864876428394126
3426,783.033724,40.6106829441021
3427,783.338396,40.80568269794806
3428,783.534986,41.431150123622245
3429,783.737523,41.765945935462774
3430,783.93108,40.70967878490228
3431,784.137063,41.135424248105444
3432,784.384862,42.612664540382504
3433,784.60921,39.905871080100376
3434,784.860985,41.765945935462774
3435,785.101396,40.515468168094195
3436,785.334431,42.40724455467348
3437,785.611556,40.41695405225045
3438,785.852142,41.23247406951675
3439,786.072662,41.135424248105444
3440,786.288834,40.93884874507795
3441,786.535656,41.56566442481965
3442,786.815467,41.135424248105444
3443,787.029872,40.80568269794806
3444,787.226119,41.56566442481965
3445,787.429037,40.80568269794806
3446,787.621158,41.765945935462774
3447,787.879548,42.40724455467348
3448,788.082777,42.851600953681896
3449,788.270233,39.39810794468386
3450,788.492507,40.32252059904788
3451,788.746808,39.99929528433156
3452,789.026982,41.135424248105444
3453,789.269165,40.13082536433631
3454,789.511026,40.80568269794806
3455,789.75587,39.99929528433156
3456,789.976507,40.93884874507795
3457,790.227349,40.515468168094195
3458,790.462527,40.93884874507795
3459,790.685701,42.40724455467348
3460,790.879517,40.19069618571419
3461,791.067129,41.832447589383854
3462,791.321653,41.63113752541087
3463,791.525137,42.40724455467348
3464,791.744531,41.765945935462774
3465,791.93943,41.135424248105444
3466,792.133177,41.23247406951675
3467,792.391368,41.135424248105444
3468,792.637888,40.13082536433631
3469,792.881584,41.0019642226259
3470,793.109955,40.32252059904788
3471,793.471745,40.38335001026806
3472,793.716334,42.06730809326685
3473,793.941725,40.515468168094195
3474,794.175255,40.6106829441021
3475,794.395044,40.41695405225045
3476,794.716245,40.93884874507795
3477,794.940937,41.765945935462774
3478,795.141865,40.6106829441021
3479,795.353233,40.515468168094195
3480,795.574834,42.40724455467348
3481,795.82325,41.53246275040857
3482,796.054583,42.92201230230852
3483,796.286422,40.515468168094195
3484,796.535379,42.612664540382504
3485,796.766024,40.515468168094195
3486,797.054813,42.17048619584724
3487,797.308926,41.135424248105444
3488,797.515727,40.6106829441021
3489,797.727595,40.515468168094195
3490,797.957252,41.135424248105444
3491,798.186544,41.967549390494916
3492,798.380286,40.515468168094195
3493,798.569567,41.63113752541087
3494,798.75557,41.33329187966682
3495,798.932779,40.93884874507795
3496,799.135965,41.765945935462774
3497,799.459298,41.135424248105444
3498,799.688581,40.93884874507795
3499,799.920421,40.6106829441021
3500,800.166978,41.135424248105444
3501,800.401147,40.515468168094195
3502,800.701703,41.431150123622245
3503,800.90713,41.63113752541087
3504,801.099692,40.80568269794806
3505,801.338998,40.32252059904788
3506,801.544474,40.32252059904788
3507,801.771789,40.80568269794806
3508,801.963844,41.135424248105444
3509,802.152976,40.93884874507795
3510,802.34315,41.967549390494916
3511,802.509674,41.135424248105444
3512,802.69207,41.135424248105444
3513,802.952838,39.905871080100376
3514,803.198698,41.135424248105444
3515,803.427014,40.32252059904788
3516,803.762813,42.40724455467348
3517,804.092147,40.70967878490228
3518,804.301009,41.135424248105444
3519,804.51424,41.56566442481965
3520,804.71797,41.431150123622245
3521,804.942242,41.63113752541087
3522,805.233266,41.765945935462774
3523,805.432577,40.93884874507795
3524,805.62663,41.765945935462774
3525,805.825718,41.967549390494916
3526,806.023987,40.32252059904788
3527,806.230221,39.99929528433156
3528,806.476288,41.832447589383854
3529,806.693036,42.17048619584724
3530,806.936764,41.967549390494916
3531,807.186046,40.19069618571419
3532,807.417369,41.63113752541087
3533,807.691458,41.765945935462774
3534,807.972168,40.19069618571419
3535,808.175681,41.63113752541087
3536,808.383341,41.967549390494916
3537,808.586384,40.70967878490228
3538,808.859222,41.967549390494916
3539,809.063826,41.732948086020116
3540,809.257822,40.515468168094195
3541,809.458906,40.515468168094195
3542,809.658989,41.967549390494916
3543,809.916259,42.40724455467348
3544,810.118206,40.74355437359489
3545,810.322551,40.6106829441021
3546,810.550706,41.135424248105444
3547,810.777932,41.56566442481965
3548,811.051707,41.765945935462774
3549,811.297779,41.967549390494916
3550,811.555638,40.515468168094195
3551,811.787088,42.40724455467348
3552,812.03017,41.33329187966682
3553,812.273892,39.71647519963487
3554,812.484563,40.93884874507795
3555,812.707651,41.135424248105444
3556,812.930514,41.135424248105444
3557,813.123727,41.135424248105444
3558,813.355228,41.135424248105444
3559,813.56044,41.135424248105444
3560,813.760707,41.33329187966682
3561,813.957092,41.967549390494916
3562,814.242859,40.515468168094195
3563,814.5378,41.967549390494916
3564,814.788053,40.515468168094195
3565,815.037118,40.74355437359489
3566,815.268803,41.135424248105444
3567,815.497247,41.765945935462774
3568,815.748754,41.135424248105444
3569,815.954117,40.93884874507795
3570,816.180486,41.135424248105444
3571,816.378539,40.32252059904788
3572,816.604883,40.515468168094195
3573,816.859008,40.13082536433631
3574,817.058589,40.32252059904788
3575,817.25484,41.967549390494916
3576,817.482533,40.13082536433631
3577,817.689603,39.71647519963487
3578,817.95214,40.93884874507795
3579,818.177453,40.32252059904788
3580,818.42094,40.93884874507795
3581,818.671896,41.56566442481965
3582,818.910572,40.93884874507795
3583,819.19677,40.93884874507795
3584,819.443595,40.32252059904788
3585,819.654312,40.32252059904788
3586,819.870642,40.70967878490228
3587,820.091578,40.70967878490228
3588,820.368958,41.967549390494916
3589,820.597015,41.967549390494916
3590,820.824682,39.71647519963487
3591,821.028101,40.32252059904788
3592,821.224605,41.765945935462774
3593,821.480161,40.93884874507795
3594,821.687539,40.70967878490228
3595,821.889089,40.93884874507795
3596,822.120219,41.33329187966682
3597,822.351734,41.967549390494916
3598,822.66147,41.967549390494916
3599,822.90954,41.765945935462774
3600,823.141092,41.967549390494916
3601,823.382083,39.905871080100376
3602,823.643407,41.135424248105444
3603,823.913509,41.33329187966682
3604,824.145504,41.56566442481965
3605,824.401384,41.56566442481965
3606,824.605236,41.56566442481965
3607,824.793273,41.56566442481965
3608,825.021377,40.70967878490228
3609,825.211791,41.967549390494916
3610,825.393618,40.32252059904788
3611,825.588389,41.967549390494916
3612,825.812179,40.32252059904788
3613,826.113073,43.059536262551504
3614,826.360516,40.70967878490228
3615,826.605637,40.32252059904788
3616,826.845962,41.33329187966682
3617,827.085799,41.135424248105444
3618,827.338819,41.135424248105444
3619,827.563055,41.135424248105444
3620,827.799912,41.135424248105444
3621,828.050524,39.99929528433156
3622,828.258936,40.32252059904788
3623,828.507076,41.967549390494916
3624,828.699183,41.33329187966682
3625,828.915414,41.53246275040857
3626,829.113908,41.33329187966682
3627,829.308071,41.33329187966682
3628,829.586429,41.53246275040857
3629,829.844297,40.70967878490228
3630,830.096295,41.56566442481965
3631,830.333175,40.515468168094195
3632,830.573039,40.515468168094195
3633,830.854619,41.967549390494916
3634,831.085548,40.32252059904788
3635,831.307423,41.967549390494916
3636,831.510669,41.53246275040857
3637,831.781284,41.967549390494916
3638,832.018753,41.135424248105444
3639,832.22245,41.135424248105444
3640,832.418289,40.515468168094195
3641,832.619711,40.93884874507795
3642,832.813831,41.431150123622245
3643,833.005866,39.905871080100376
3644,833.273823,40.515468168094195
3645,833.480205,40.70967878490228
3646,833.718732,42.612664540382504
3647,833.933991,41.135424248105444
3648,834.174546,40.32252059904788
3649,834.450472,41.967549390494916
3650,834.781866,41.135424248105444
3651,835.034385,40.32252059904788
3652,835.249943,41.135424248105444
3653,835.503234,40.515468168094195
3654,835.712321,39.905871080100376
3655,835.965108,40.905163273220026
3656,836.229251,39.905871080100376
3657,836.422995,42.40724455467348
3658,836.650966,40.70967878490228
3659,836.857306,40.515468168094195
3660,837.060757,41.967549390494916
3661,837.278895,40.70967878490228
3662,837.529257,41.135424248105444
3663,837.822478,40.70967878490228
3664,838.070329,41.765945935462774
3665,838.279566,41.765945935462774
3666,838.488957,42.40724455467348
3667,838.709127,42.17048619584724
3668,838.986699,39.905871080100376
3669,839.179779,42.612664540382504
3670,839.347715,42.17048619584724
3671,839.562398,42.612664540382504
3672,839.786817,40.09650164254232
3673,840.076208,41.765945935462774
3674,840.32396,41.33329187966682
3675,840.567689,41.967549390494916
3676,840.812696,40.32252059904788
3677,841.037939,41.967549390494916
3678,841.310326,41.967549390494916
3679,841.520098,42.819448752016264
3680,841.708763,40.09650164254232
3681,841.896901,42.612664540382504
3682,842.082829,40.70967878490228
3683,842.27028,41.53246275040857
3684,842.497788,41.53246275040857
3685,842.729202,41.967549390494916
3686,842.961173,40.70967878490228
3687,843.187898,40.515468168094195
3688,843.398141,40.70967878490228
3689,843.644477,41.33329187966682
3690,843.861678,41.967549390494916
3691,844.064527,42.612664540382504
3692,844.270309,42.819448752016264
3693,844.481982,42.374767875987835
3694,844.714512,40.905163273220026
3695,844.947817,40.09650164254232
3696,845.212086,41.33329187966682
3697,845.404669,40.70967878490228
3698,845.60709,40.70967878490228
3699,845.835965,40.70967878490228
3700,846.02577,41.33329187966682
3701,846.198667,40.70967878490228
3702,846.444936,40.70967878490228
3703,846.676351,41.135424248105444
3704,846.960056,41.33329187966682
3705,847.218787,39.905871080100376
3706,847.445003,40.09650164254232
3707,847.679697,43.02760902159437
3708,847.902433,39.49355662719414
3709,848.170384,39.905871080100376
3710,848.437971,40.70967878490228
3711,848.66035,40.70967878490228
3712,848.877775,40.70967878490228
3713,849.074206,40.32252059904788
3714,849.304726,41.33329187966682
3715,849.51399,40.70967878490228
3716,849.723501,40.70967878490228
3717,849.930143,40.515468168094195
3718,850.140284,40.28837743193477
3719,850.414548,41.53246275040857
3720,850.665676,40.09650164254232
3721,850.915959,41.19953853971918
3722,851.145277,40.09650164254232
3723,851.379258,41.967549390494916
3724,851.629158,40.515468168094195
3725,851.851448,41.33329187966682
3726,852.079977,41.63113752541087
3727,852.287603,42.17048619584724
3728,852.520463,40.70967878490228
3729,852.762831,40.905163273220026
3730,852.96615,40.70967878490228
3731,853.165562,41.10193256845657
3732,853.367299,42.374767875987835
3733,853.609757,42.27108143242344
3734,853.861016,41.53246275040857
3735,854.067315,40.70967878490228
3736,854.288274,40.70967878490228
3737,854.528844,40.09650164254232
3738,854.779453,41.33329187966682
3739,855.067794,41.135424248105444
3740,855.405385,41.967549390494916
3741,855.674273,41.53246275040857
3742,855.884913,41.53246275040857
3743,856.173579,40.09650164254232
3744,856.451679,40.70967878490228
3745,856.716018,41.53246275040857
3746,856.912081,40.70967878490228
3747,857.1142,40.70967878490228
3748,857.386867,40.515468168094195
3749,857.586558,41.967549390494916
3750,857.789299,41.967549390494916
3751,858.004893,41.33329187966682
3752,858.267126,41.33329187966682
3753,858.572889,40.09650164254232
3754,858.811415,42.819448752016264
3755,859.046127,40.905163273220026
3756,859.266468,40.905163273220026
3757,859.483768,40.28837743193477
3758,859.756208,41.33329187966682
3759,859.996555,40.70967878490228
3760,860.191923,41.33329187966682
3761,860.394224,41.135424248105444
3762,860.590784,40.70967878490228
3763,860.826882,41.53246275040857
3764,861.02655,40.70967878490228
3765,861.226456,40.70967878490228
3766,861.41671,41.967549390494916
3767,861.637227,42.819448752016264
3768,861.951088,39.905871080100376
3769,862.194927,41.53246275040857
3770,862.443107,39.905871080100376
3771,862.675166,41.967549390494916
3772,862.931334,40.70967878490228
3773,863.284872,41.53246275040857
3774,863.503143,40.70967878490228
3775,863.698838,41.967549390494916
3776,863.887167,39.905871080100376
3777,864.091862,40.70967878490228
3778,864.345452,41.53246275040857
3779,864.537177,40.70967878490228
3780,864.737516,40.7724594875946
3781,864.910366,42.17048619584724
3782,865.115864,42.17048619584724
3783,865.334743,41.967549390494916
3784,865.644519,40.70967878490228
3785,866.015227,40.515468168094195
3786,866.2417,41.53246275040857
3787,866.476344,41.33329187966682
3788,866.709931,40.70967878490228
3789,866.918898,40.905163273220026
3790,867.122552,40.09650164254232
3791,867.309609,42.17048619584724
3792,867.495292,40.905163273220026
3793,867.686572,41.53246275040857
3794,867.930647,42.17048619584724
3795,868.142069,42.374767875987835
3796,868.372453,41.33329187966682
3797,868.623266,41.967549390494916
3798,868.885215,40.70967878490228
3799,869.166455,41.967549390494916
3800,869.401601,40.70967878490228
3801,869.649702,42.374767875987835
3802,869.857354,42.374767875987835
3803,870.062024,42.819448752016264
3804,870.273657,42.580406075375365
3805,870.505413,40.905163273220026
3806,870.709985,40.905163273220026
3807,870.901724,41.53246275040857
3808,871.092552,40.70967878490228
3809,871.321666,40.70967878490228
3810,871.524977,40.515468168094195
3811,871.709322,41.53246275040857
3812,871.927623,41.967549390494916
3813,872.159953,40.7724594875946
3814,872.450461,41.732948086020116
3815,872.693902,40.09650164254232
3816,872.925617,42.374767875987835
3817,873.141104,42.17048619584724
3818,873.348417,41.10193256845657
3819,873.578807,40.28837743193477
3820,873.799428,40.28837743193477
3821,874.021857,41.53246275040857
3822,874.265011,41.53246275040857
3823,874.481202,41.53246275040857
3824,874.73916,42.374767875987835
3825,874.933214,40.28837743193477
3826,875.146336,39.905871080100376
3827,875.33456,41.19953853971918
3828,875.532858,42.374767875987835
3829,875.787246,40.70967878490228
3830,876.037065,40.905163273220026
3831,876.383435,40.70967878490228
3832,876.621321,41.10193256845657
3833,876.895659,40.09650164254232
3834,877.156755,41.53246275040857
3835,877.39894,42.17048619584724
3836,877.613011,41.53246275040857
3837,877.836031,41.53246275040857
3838,878.080076,41.3984167849322
3839,878.274768,40.577267494977896
3840,878.463573,40.905163273220026
3841,878.65158,40.70967878490228
3842,878.843495,41.10193256845657
3843,879.042742,41.10193256845657
3844,879.283732,41.53246275040857
3845,879.52096,42.374767875987835
3846,879.763393,41.732948086020116
3847,880.044693,41.53246275040857
3848,880.27836,41.732948086020116
3849,880.542291,41.33329187966682
3850,880.775505,40.70967878490228
3851,880.981394,40.577267494977896
3852,881.193404,41.732948086020116
3853,881.404439,41.934759228639585
3854,881.697088,40.48150910163963
3855,881.913516,40.48150910163963
3856,882.109237,41.934759228639585
3857,882.307823,41.934759228639585
3858,882.50791,41.934759228639585
3859,882.758995,41.10193256845657
3860,882.952258,40.28837743193477
3861,883.175694,40.28837743193477
3862,883.37568,41.967549390494916
3863,883.68115,42.17048619584724
3864,883.967808,40.09650164254232
3865,884.192369,40.09650164254232
3866,884.432972,42.17048619584724
3867,884.664943,40.28837743193477
3868,884.87424,40.70967878490228
3869,885.151253,41.10193256845657
3870,885.373626,40.905163273220026
3871,885.562578,41.10193256845657
3872,885.751378,40.48150910163963
3873,885.95188,41.10193256845657
3874,886.139685,41.732948086020116
3875,886.370245,40.09650164254232
3876,886.620888,41.732948086020116
3877,886.852025,40.48150910163963
3878,887.09415,42.374767875987835
3879,887.334394,41.10193256845657
3880,887.613406,40.905163273220026
3881,887.875398,41.10193256845657
3882,888.107682,41.53246275040857
3883,888.315817,41.934759228639585
3884,888.543443,39.55186050654978
3885,888.794902,41.934759228639585
3886,888.991794,40.67590741472101
3887,889.21322,42.239081551263475
3888,889.418369,42.374767875987835
3889,889.612689,39.87147020139489
3890,889.855817,40.67590741472101
3891,890.067703,41.10193256845657
3892,890.26012,40.905163273220026
3893,890.477647,40.70967878490228
3894,890.699624,41.10193256845657
3895,891.00608,41.732948086020116
3896,891.248012,41.59861020948452
3897,891.486703,39.87147020139489
3898,891.716195,41.10193256845657
3899,891.927876,41.49936988780344
3900,892.178483,42.374767875987835
3901,892.372616,40.28837743193477
3902,892.594527,41.934759228639585
3903,892.812547,41.934759228639585
3904,893.010833,41.732948086020116
3905,893.242258,41.53246275040857
3906,893.448468,41.10193256845657
3907,893.638495,40.28837743193477
3908,893.826609,41.732948086020116
3909,894.024405,39.965425808837225
3910,894.222631,39.87147020139489
3911,894.493543,39.87147020139489
3912,894.759963,40.28837743193477
3913,895.024571,39.68189958176774
3914,895.225487,40.28837743193477
3915,895.45667,41.10193256845657
3916,895.727626,41.732948086020116
3917,895.962433,41.53246275040857
3918,896.175139,41.732948086020116
3919,896.38434,41.934759228639585
3920,896.892126,41.49936988780344
3921,897.116879,41.29999771904154
3922,897.31577,40.67590741472101
3923,897.524547,40.48150910163963
3924,897.732453,39.87147020139489
3925,897.980716,40.67590741472101
3926,898.202498,41.10193256845657
3927,898.444448,41.29999771904154
3928,898.685528,41.934759228639585
3929,898.924224,40.48150910163963
3930,899.211019,40.48150910163963
3931,899.428679,41.10193256845657
3932,899.636776,40.67590741472101
3933,899.838629,40.67590741472101
3934,900.026136,40.48150910163963
3935,900.263001,41.10193256845657
3936,900.453696,41.29999771904154
3937,900.668856,41.10193256845657
3938,900.889873,40.34984935138145
3939,901.138236,40.34984935138145
3940,901.42927,41.934759228639585
3941,901.660545,41.934759228639585
3942,901.900334,39.87147020139489
3943,902.167539,40.67590741472101
3944,902.371252,40.48150910163963
3945,902.61848,39.68189958176774
3946,902.834017,39.965425808837225
3947,903.020457,42.137907638279
3948,903.209662,40.28837743193477
3949,903.397687,41.10193256845657
3950,903.585225,41.10193256845657
3951,903.813512,41.29999771904154
3952,904.003161,40.48150910163963
3953,904.18384,41.732948086020116
3954,904.377707,40.15700933512757
3955,904.600768,41.10193256845657
3956,904.880785,42.580406075375365
3957,905.105106,40.67590741472101
3958,905.346509,40.67590741472101
3959,905.572851,42.44442867189455
3960,905.806249,39.87147020139489
3961,906.074921,41.934759228639585
3962,906.297156,41.934759228639585
3963,906.510493,41.10193256845657
3964,906.776099,41.10193256845657
3965,906.989122,40.48150910163963
3966,907.322726,41.49936988780344
